500
0 116 148 279 709 847 1436 1557 1596 2240 2462 2589 3555 4028 4045 4972 5063 5286 5682 5783 5794 6028 6070 6370 6415 6913 7652 7749 7854 8068 8140 8218 9094 9430
1 218 427 836 1122 1238 1893 1900 2643 3113 3285 3634 3831 4240 4667 5141 5543 5668 5831 6274 6289 6566 6773 7116 8552 9545
2 165 260 310 722 823 1081 2325 2792 2866 2870 3125 3210 4679 4985 5735 6808 6996 7086 7123 7243 8491 8836 9386 9404 9586 9822 9848
3 673 1454 1770 2393 2704 2910 2986 3036 3172 3259 3305 3377 3944 3961 4156 4377 4468 4628 4804 4941 5254 5457 5732 5855 5979 5995 6187 6369 6424 6621 6941 6949 7202 7213 7267 7434 7617 7829 8406 8428 8844 8930 9518 9521 9548 9719
4 606 960 1330 1405 1774 1937 1956 2321 2617 3726 4011 4080 4269 4340 4385 4917 6241 6448 6802 7728 7739 7932 8147 8784 9260 9519
5 136 155 625 1174 1736 2013 2240 2583 3080 3108 3211 3229 3561 3909 3944 5793 6061 6133 6292 6962 7260 8888 8930 8978 9114 9206 9236 9640 9710 9815 9990
6 72 190 737 1247 2114 2139 2322 2615 3005 3047 3089 3159 3325 3393 4574 5072 5340 5373 5543 5555 5793 5871 5877 6216 6261 7616 8146 9347 9351 9791 9794
7 117 163 829 955 971 2114 3521 3807 3835 4170 4607 4679 4730 5288 5342 5448 5596 6283 6554 6799 7507 8043 8061 8109 8209 8554 9075 9332 9607
8 724 956 1049 2307 2383 2857 3186 3251 3650 3742 4313 5223 5502 5920 6011 6060 6369 6492 6616 6731 6786 7347 7993 8716 8732 9347 9649
9 606 670 765 1555 2002 3352 3411 3501 3554 3720 5810 5997 6102 6359 6421 6778 6829 6853 7808 8495 8848 9090 9823 9940
10 524 622 656 714 847 880 1125 1711 1752 1784 2260 2377 2666 2740 2908 3102 3106 3672 3870 4180 4286 4340 4679 4778 4957 5161 5219 5326 5502 5702 5748 5846 5871 6292 6347 6458 6611 6903 7216 7751 8487 8495 8605 8814 8883 9083 9908
11 71 872 874 1019 1197 1271 1912 2858 3756 4302 5034 5122 5193 5390 5397 5451 6296 6417 6491 6798 7545 7575 7668 8067 8218 8343 8531 9510 9659 9669 9688 9834 9904
12 267 278 367 1081 1124 1179 1329 1375 1454 1956 2263 2736 3106 3380 3991 4544 4626 4645 5517 5746 6015 6460 6849 7312 7673 7820 7864 8125 8227 8794 9224 9404 9510 9667
13 100 154 601 705 1061 1276 1557 1765 1787 2100 2784 2986 3220 3305 3496 6095 6393 6584 7469 9036 9219
14 227 443 654 732 1353 1581 1878 2248 3269 3540 3657 3889 3914 4340 5072 5543 5583 5775 6011 6060 6266 6270 6583 6691 7133 7699 7736 8139 8471 8733 8832 8970
15 2 78 148 477 847 955 1164 1281 1920 1944 2453 2513 3630 3942 4352 5099 5149 5251 5322 5369 5440 5459 5503 5507 5831 6054 6347 6456 6945 7938 8362 9347 9757 9993
16 5 131 397 1176 1292 1670 2125 2182 2877 3058 3507 3750 4907 5005 5109 5219 5784 5917 6020 7013 7085 7105 7204 7227 7278 7606 7659 7848 8169 8512 8907 9215 9224 9306 9374 9498 9608 9780
17 502 643 729 2239 2417 2668 2890 3509 4134 4222 4580 4629 5185 5343 5500 5553 5880 5980 6447 6810 7256 7652 8360 8450 8583 8756 8856 9086 9138 9187 9215
18 120 168 300 321 550 1067 1083 1702 1746 1979 2113 2286 2555 2630 2666 3103 3225 3463 3507 3513 3575 3975 4055 4559 4574 4822 4907 5053 6020 6503 6750 6899 7517 7652 7740 8212 8832 8920 9160 9825 9861
19 34 135 152 208 353 552 755 1281 1737 1752 1846 1904 2085 2892 3004 3020 3476 3656 4399 5219 5704 5880 5902 5904 6045 6311 6739 6855 7036 7888 8644 8713 8748 8794 9616 9751 9843
20 670 770 1042 2750 3664 3963 4035 4377 4511 4544 4765 4908 5072 5362 5995 6406 7151 7350 7559 7707 7742 8130 8885 9392 9480
21 208 286 1051 1138 1454 1680 1867 2731 3275 3728 3817 4442 5565 6338 6347 6404 6610 7178 7228 7240 7746 7815 8599 8658 8684 8856 9453 9637
22 802 835 1009 3432 4507 4622 4664 5445 5981 6385 6614 6615 6727 6778 7068 7087 7541 7611 7659 8969 9003 9379 9577 9621 9733 9835
23 1204 1330 1750 1798 2621 2929 3160 3364 3473 3507 4081 4712 4727 5044 5112 6359 6594 6853 6859 7713 7933 7950 8193 8264 8293 8343 8589 8599 9139
24 1077 1656 1822 2001 2234 2423 2454 2604 2615 2655 2696 2910 3164 3718 4056 4199 5030 5111 5412 5767 6063 6613 7710 7978 8081 8218 8455 8653 8893 9031 9120 9654 9842
25 30 311 367 472 796 1212 1348 1607 1736 2218 2833 2951 3481 3783 4004 4333 4475 4878 5003 5458 5655 5748 5902 6134 6321 6453 6544 7613 8350 9083 9270 9293
26 56 79 132 523 527 1461 1566 1583 1601 1606 2278 2968 3072 3195 3314 3365 3474 3607 3871 4437 4619 4913 5099 5368 6739 7034 7088 7126 7335 7454 8506 8775 9013 9133 9206 9518
27 239 1752 2093 2127 2326 2353 2879 3186 3296 4409 5322 5323 5390 5689 5846 6061 7280 7429 7509 8539 9107 9279 9778 9991
28 450 1396 2239 2349 2583 3117 3520 3677 4055 4302 4662 4822 4909 5030 5412 5515 6065 6643 7198 7379 7749 7903 8941 9200 9443 9545 9906
29 14 182 325 698 863 1465 1535 1561 1601 2486 2595 2910 4069 4497 4526 4855 5581 6044 6427 6454 6913 7049 7243 8145 8227 8416 8566 8831 8936 8988 9160
30 259 753 934 1156 1567 1774 1791 2013 2184 2396 2650 2746 3044 3379 4551 5099 5156 5254 5458 5477 5609 5861 6201 6281 6326 6778 6986 7321 7383 7413 7790 7807 8248 8693 8723 9543
31 597 780 1227 1628 1839 1956 2121 2190 2444 2792 2918 3690 4230 4886 5670 5762 6326 6377 6895 7426 7607 7759 8501 8506 8829 9066 9130
32 54 82 199 321 977 1157 1223 1405 2260 2600 2651 2856 3190 3683 3731 3932 4079 4245 4613 4929 5526 5658 5821 5996 7018 7105 7259 7782 7820 8121 8209 8512 8639 9152 9192
33 1181 1356 1457 1711 2028 2434 3303 3368 3863 5049 5111 5462 5895 6067 6112 6290 6771 7839 8259 8484 8870 9873 9943
34 183 421 1505 1979 2426 2591 2685 3103 3629 3827 4423 4457 4703 4955 4965 5019 5247 5451 5767 5910 6075 6258 6351 6555 7243 7806 7936 9040 9260 9527 9541
35 323 1087 1864 1896 2288 2404 2792 3312 4129 4134 4326 5027 5062 5211 5219 5547 5643 6360 6551 6750 7355 7485 7874 8189 8685 8894 8912 8947 9023 9175 9414
36 69 1393 1505 2182 2409 2668 2847 2898 3172 3723 3964 4627 4974 5171 5458 5742 5784 6251 6729 6899 7919 8077 8190 8197 8456 9215 9349 9428 9595 9926 9989
37 246 269 475 637 650 1832 1950 3006 3186 3581 3726 3810 3914 4134 4970 5481 5860 5910 6153 6555 6773 7881 8092 8406 8418 8531 8770 8832 8939 9116 9703 9755
38 707 759 838 1381 1449 2001 2329 2424 2729 3244 3263 3344 3751 4797 4925 4944 5232 5445 5555 5880 6827 6975 6986 7647 8140 8406 8528 8662 8832 8978 9576 9848 9917
39 46 176 485 526 777 1623 2177 2670 2897 2943 3453 3661 4020 4199 4399 4736 4870 5030 5698 5902 6153 6565 7007 7285 7389 8677 9302 9501 9528 9607
40 253 367 647 770 2651 2961 3047 3104 3111 3285 3417 3745 3777 3889 3961 4108 4199 4660 4782 5604 5773 6046 6054 6467 6840 7496 7713 8074 8918 9789
41 259 828 1052 1105 1939 2010 2058 3285 3312 3429 3625 3723 3753 3835 4793 4878 5265 5341 6054 6400 6827 7095 7179 7318 7410 7836 8174 8848 9056 9376 9930
42 108 300 454 511 583 921 1174 1534 1750 2128 2191 2476 2768 2929 2970 3106 3160 3275 3537 3909 3944 3958 4501 4558 4658 4783 4888 4941 4967 5248 5443 5500 5869 6214 6389 6454 6836 7568 7713 7790 8068 8337 8663 9032 9565 9640 9741 9918 9989
43 469 1538 2029 2088 2260 2458 2496 2894 3203 3254 3261 3425 3926 4037 4081 4123 4188 5383 5502 5730 5898 5973 6408 6829 6960 7044 7569 8329 8340 9014 9758 9976
44 291 499 521 697 1141 1396 1581 1702 2060 4537 4949 5078 5359 5547 5869 5997 6222 6428 6545 6674 7481 7883 8030 8233 8981 9624 9704 9903
45 183 300 683 1554 2158 3507 3699 3900 4579 4909 5096 5564 5726 5934 7209 7266 7486 7688 7930 8052 8837 8856 9248 9580 9803 9816
46 569 703 1342 1445 1472 1705 1934 2001 2212 2437 2583 2965 3032 3172 3403 3904 4308 5387 5710 5871 5902 6316 7439 7511 8098 8136 8235 8284 9377 9607 9758 9852
47 2 145 259 438 545 813 815 1121 1668 1745 1940 3047 3125 3144 3468 3530 3823 3830 4171 4285 4628 4893 4965 5111 5326 6126 6144 6178 6189 6306 7026 7049 7545 7659 7688 8056 8121 8498 8832 8841 8910 9311 9470 9741 9940
48 269 876 1574 2036 2101 2186 2209 2305 2602 2624 3051 3936 4431 4504 4539 4744 4870 5446 5980 6095 7099 7173 7193 7997 8140 8598 8968 9174
49 340 1472 1477 1478 1632 2412 2936 3073 3226 3284 3521 3703 4004 4660 4786 5152 5445 5656 6082 6236 6737 7598 7636 7856 8140 8268 8396 8600 8728 8814 9311 9380 9600 9758
50 182 221 643 792 798 1607 2113 2260 2264 2445 2906 3178 3720 3813 4626 5194 5617 6024 6494 6539 6795 7241 7290 8711 9444 9654
51 148 178 551 590 638 660 719 1139 1343 1728 1739 1934 3579 3651 3757 3897 4913 4957 5103 5752 6717 6855 6862 6889 7087 7553 7618 7771 7820 8021 8167 8220 8293 8344 8516 8526 8601 9159 9404
52 326 760 1159 1216 1260 2439 3184 3241 3708 3728 3914 3987 4249 4284 4399 4787 4878 5132 5754 5848 5917 5966 6196 6300 6326 7438 8442 8599 8925 8994 9010 9040 9348 9669 9933 9991
53 394 888 2225 2704 2866 3028 3720 3783 4299 4320 4622 5747 5798 6468 6500 6810 7099 7622 8829 9176 9230 9470
54 66 238 310 444 690 850 1336 1741 2392 2422 2462 2615 2858 3226 3383 3843 4418 4442 4624 4780 5668 5921 6712 6852 7057 7162 7547 7848 8051 8252 8599 8910 9465 9565 9573 9591 9979
55 991 1140 1752 2289 3081 3533 3586 3616 3970 4134 4176 4350 4647 4774 4783 4851 4912 5849 6005 6261 6797 6933 7426 7829 7894 7939 8883
56 1079 1305 1654 2096 2760 3298 3470 3491 4206 4352 4456 5433 5866 6028 6170 6955 7043 7077 7143 7178 8233 8646 9008
57 84 279 343 523 650 668 1238 1299 2072 2190 2340 3229 3465 4106 4307 5086 5534 5589 6196 6635 6810 6827 6842 6924 7055 7085 7278 7435 7968 8506 8935 9107 9144 9281 9431 9676 9931
58 55 88 279 715 805 1119 1550 2349 2643 2653 2947 3602 3944 4399 4626 5286 5433 5474 5902 6623 6833 6952 7254 7302 8040 8307 8605 8832 9036 9270 9498 9733 9871
59 141 238 321 374 732 867 1375 1398 1750 1761 1877 2109 2226 2562 3172 3345 3561 3950 4780 4984 4985 5446 6049 6084 6351 6509 6584 6598 6737 6743 6867 7053 7088 7320 7895 8174 8284 8658 8716 9075 9087 9398
60 1204 1330 2118 2184 2255 3021 4093 4610 4855 5063 5145 5580 5664 6092 6222 6515 6635 7137 7920 8193 8887 9152 9260 9443 9615 9871
61 2 139 145 148 569 745 1125 1145 1153 1728 2265 2895 3576 3673 3823 3972 4047 4497 4674 5223 5355 5451 5645 5902 6021 6054 6178 6486 6630 6772 6938 7290 7323 7703 7960 8053 8566 8579 8728 9244 9443 9573 9654 9751
62 61 79 521 732 1095 1531 1647 1876 2533 2704 3203 3700 3795 4314 4565 5019 5351 5429 5504 5558 5989 6150 7050 7126 7247 7350 7395 7564 8340 9197 9443 9615 9968
63 233 753 1879 2345 2735 3752 3884 4027 4209 4442 4507 4757 4835 6717 7525 7556 8431 8448 8549 8800 8862 9075 9259 9646 9848
64 102 1105 1252 1625 1931 2150 2274 2565 2662 3584 3837 3910 4045 4060 4352 4705 5189 5219 5230 5416 5471 5728 5997 6029 6750 6860 6979 7012 7379 7683 7852 8027 8116 8167 8574 8912 8986 9206 9323 9425 9848
65 76 719 1149 1260 1554 2232 2698 2857 2884 3497 3555 3715 3932 4176 4531 4717 4928 5045 5206 5251 5783 5862 5980 6042 6082 6302 6914 7155 7210 7213 7452 7782 7820 7864 8465 8832 9114 9533 9632 9815
66 205 567 955 1020 1105 1213 2028 2384 3195 3374 3821 3836 4444 4884 5198 5887 5923 6059 7079 7206 7438 7687 8223 8406 8663 8905 8998 9775 9803
67 496 1583 1784 1920 1981 2152 2171 2651 2662 2735 2872 3184 3363 3453 5038 5840 6073 6218 6223 6945 7180 8220 9291 9372 9540 9833
68 295 1107 1581 1682 1696 2144 2904 3184 4245 4670 5647 5740 6651 6945 7001 7396 7924 8055 8154 8193 8555 9036 9806 9840
69 205 210 352 427 447 552 819 1310 1319 1449 1611 1670 1850 1932 2058 3103 3243 3567 3728 4037 4077 4606 5175 5340 5643 5885 5962 6404 6464 6545 6615 7673 7795 8009 8539 8671 8672 8812 9202 9426 9438 9659 9704
70 369 1395 1552 1658 2244 2305 3621 4091 4236 4684 4989 5509 5680 5777 6160 6178 6391 6617 6767 7026 7408 7883 8062 8427 8810 9036
71 24 108 399 476 1125 1536 2339 2598 2699 3261 3326 3486 4159 4661 5254 5821 6041 7087 7433 7654 7856 8141 8282 8552 9091 9883
72 454 643 862 950 1376 1955 2412 3165 3568 3612 3642 3700 5921 5979 6029 6196 7251 7474 8081 8233 8250 8289 8428 8840 9027 9940
73 227 883 1337 1607 2393 2818 3153 3166 3219 4104 5117 5194 5212 5341 5504 5676 6022 6258 6616 6692 7210 7320 7344 7351 7737 7904 9493 9549 9638 9719 9735
74 239 379 397 517 683 1289 1524 2062 2176 2342 2704 2740 2910 3093 3842 3991 4277 4416 4442 4539 5101 5412 5438 5768 6044 6139 6675 6827 7087 7438 7736 7762 8111 8572 8583 8711 9253 9580 9654 9800
75 475 2141 2467 2552 2577 2730 2981 3229 3722 3943 4341 4647 5401 5817 6643 6688 7055 7167 7219 7436 8113 8134 8987
76 1019 1957 2239 3293 3670 3870 4491 4526 4795 5153 5169 5300 5504 5715 5748 5922 6044 6115 6643 6938 7553 7629 7630 7806 7864 8927 8990 9301 9436 9688
77 53 843 955 1644 1774 1858 2898 2985 4011 4077 4222 4511 4528 5239 5331 5501 5821 6034 6946 7336 7382 7861 8015 8130 8279 8624 8896 8987 9607 9777 9842
78 195 365 385 796 1540 1776 1822 1826 2164 2480 2791 3231 3427 3630 3679 4352 4745 5292 6376 6478 6696 6945 7367 7633 7699 7751 7762 8719 9048 9178 9283 9842
79 7 84 560 675 1731 1934 2237 2932 3144 3629 3634 3982 4326 4842 4925 5063 5111 5248 5304 5365 5386 5395 5607 5887 6052 6099 6967 7212 7504 8297 9111 9144 9244 9652
80 269 949 1117 1125 1175 1546 1929 2155 2413 3720 3866 3885 4798 4966 5286 5308 5339 5397 5500 5572 5780 5810 5946 6168 7012 7530 7694 7946 8017 8040 9023 9130
81 574 1546 1959 2019 3006 3129 3202 3860 4104 4352 5432 5504 5894 6141 6283 7040 7260 7742 8655 9021 9290 9611 9668 9852
82 578 640 676 1451 1510 1963 2339 2346 2398 2422 2537 2792 2906 3122 3720 4282 5245 5446 5505 5857 6014 6257 6391 7630 7992 8014 8507 8659 8728 9290 9301 9325 9930
83 108 542 776 790 1360 1583 1736 1788 2175 2875 2927 3047 3629 3958 4047 4068 4234 4257 4359 4437 5014 5885 6084 6178 6550 6699 6728 6938 7204 7759 7938 8008 8256 8352 8566 8599 8685 8910 9023 9480 9697 9713
84 787 1535 1809 2120 2432 2910 3967 4151 4166 4385 5386 5451 5492 5503 5962 6113 6140 6143 6615 6741 6855 7163 8493 9008 9400 9600 9816 9871
85 18 221 610 1287 1353 1665 2390 2465 3203 3427 3758 4021 4230 4820 5217 5268 5359 5379 5434 6063 6331 6550 6831 6851 7755 8487 8870 9083 9145 9709 9803
86 202 221 399 546 548 550 794 951 1066 1083 1512 1593 1916 1964 2002 2413 2480 3061 3757 3876 5099 5163 5643 5848 5942 5997 6409 6477 6503 6547 6762 7006 7012 7088 7553 7709 7806 7883 8053 8239 9075 9749
87 41 46 718 1060 1198 1282 1562 2085 2423 3079 3326 3427 3842 4884 5105 5391 5491 8243 8300 8386 8418 8934 8985 9168 9219 9347 9654
88 447 1075 1429 1505 1570 1619 1647 1666 2155 2505 2617 2651 2923 3561 3723 4148 4151 4314 4362 5038 5548 5658 5698 5880 6020 6196 6639 6662 6895 7133 7210 7304 8167 8193 8361 8495 8687 8931 9199 9324 9721 9815
89 148 469 638 912 1110 1133 1145 1328 1528 1557 1981 2340 3276 3371 3456 3553 4045 5365 5645 5674 6014 6104 6144 6574 6992 7253 7508 7751 7874 8594 9172 9206 9485 9806
90 193 267 574 925 1117 1383 1780 1793 2003 2431 2660 3049 3238 3316 3670 3747 4129 4367 4377 4824 4939 5406 5862 6049 6122 6153 6554 6752 7117 7586 8787 9194 9256
91 199 311 937 1105 1583 1631 1651 2113 2121 2422 2616 2781 3046 3316 3612 3820 4755 5193 5801 5857 6028 6046 6067 6166 6270 6280 6482 6712 6762 6875 7605 7709 8338 8484 8904 9120 9435 9493
92 126 130 300 617 780 782 1711 2260 2304 2615 2651 2792 3748 3830 3837 3963 4236 4561 4677 4707 4928 5446 6145 6512 6744 7833 7933 8134 8333 9035 9459 9480 9669
93 223 585 1044 1048 1060 1260 1375 1666 1731 1918 2000 3021 3515 3804 3873 4027 4801 5095 6544 6952 7087 7153 7652 8832 8935 9029 9381 9771
94 32 131 135 755 896 1555 1614 1734 1737 1831 2113 2191 2615 2752 3524 4100 4104 4352 5525 6465 6843 7699 7856 8365 8782 8830 9032 9086 9171 9312 9991
95 462 1071 1276 1330 1445 1541 1961 2327 2464 2651 3073 3081 3284 3584 3691 3869 4037 5198 5552 6161 6280 6635 7899 8180 8566 8709 8719 9395 9510 9770
96 284 569 758 925 937 1731 1924 2158 2171 2183 2870 3074 3528 3609 4011 4176 4252 4314 4325 4442 4780 5156 5501 5869 6184 6244 7026 8017 8033 8167 8224 8284 8949 9285 9330 9464 9697 9979
97 1195 1391 1552 2617 2662 2746 2753 2962 2973 3102 3103 3158 3174 4107 4199 4245 4286 4474 4884 5199 5397 5578 6030 6110 6528 6778 7193 7200 7606 8055 8484 8687 9132 9219 9260 9407 9671
98 541 863 1323 1430 1479 1904 2603 2630 2858 3020 3549 3664 3708 4788 4813 4973 5211 5784 5964 6428 6545 7205 7392 7752 7895 8185 8431 8696 8793 8830 8911 8981 9050 9109 9129 9436 9496 9565
99 345 993 1423 1432 1738 2058 2158 2339 2788 2943 3042 3303 4402 4612 4679 4761 6151 7063 8062 8078 8209 8832 9259 9483 9751
100 58 239 425 949 1295 1354 1750 1794 1796 2248 3269 3290 3521 4033 4170 4232 4236 4574 5580 5810 6374 6544 6765 7000 7101 7659 8290 9065 9174 9464 9467 9836
101 238 987 1668 1934 2209 2446 3049 3371 3386 3752 3753 4527 4529 4558 5038 5597 5630 5997 6030 6115 6429 6467 6696 6767 7068 7138 7392 7665 7826 7980 8157 8400 8523 8634 9043 9404 9435 9496
102 362 412 437 1098 1987 2486 3144 3146 3521 3539 3905 3920 4241 4350 4924 5164 6073 6229 6627 7280 7438 7467 7590 7920 8105 8121 8649 8919 9181 9219 9921
103 183 613 1238 2345 2903 4214 4602 4691 5126 5870 6608 7037 7126 7423 7875 8144 8188 8434 8671 8752 8830 9604 9857
104 716 728 730 949 1353 1375 1668 1934 2304 2752 3098 3099 3276 3563 3657 3937 4345 4527 4801 4924 5397 5623 5687 5748 6101 6889 7163 7179 8061 8193 8661 8754 9483 9947
105 776 1574 1761 2160 2182 2773 3017 3276 3543 3795 3883 4175 5099 5258 5448 5538 7193 7506 8169 8700 8750 8986 9115 9640
106 105 183 219 352 431 726 1020 1780 1934 2002 2095 2264 2978 2983 3089 3240 3535 3823 3956 4660 4680 4692 4728 5359 5451 5525 5869 6296 6347 6836 6842 6981 7267 7669 8049 8058 8352 8487 8934 9109 9233 9347 9374 9376 9551 9604 9887 9988
107 332 541 605 638 1835 1848 1904 2167 2184 2729 3100 3144 3343 3822 4044 4203 4423 6029 6390 7888 8140 8700 8964 9698
108 352 399 518 676 719 731 937 1186 2288 2413 2868 3015 3114 3752 4056 4828 5105 5141 5241 5407 5416 5467 6083 6464 6528 6699 6773 7092 7511 7652 7864 8856 8874 8907 9244 9689 9711
109 177 235 712 973 1081 1639 1661 1871 2061 2630 5195 5913 6744 6801 6982 7133 7961 8344 8427 8516 9187
110 88 410 917 960 979 1043 1216 1319 1413 1495 1560 1786 1898 2125 2161 2474 3144 3251 3814 4107 4245 4539 4765 4823 4844 4958 5042 5193 5258 5802 5993 7342 7481 7736 8609 8803 9045 9602 9991
111 552 1085 1223 1924 2424 2639 2679 2767 2943 3048 5386 6099 6177 6291 6351 6454 6859 7259 7845 7901 8092 8150 8610 8883 9178 9215 9585
112 1495 2247 2526 2867 3285 3318 3336 4494 4517 5127 5899 6139 6379 6511 6827 7162 7210 7819 8313 8797 9316 9555 9573 9632 9716 9932
113 46 259 1091 1555 1736 2128 2358 2516 2651 2972 3415 3700 3753 4108 4327 4423 4569 4855 4912 4985 5085 5397 5553 5677 5702 5715 5756 5849 6186 6360 6731 6827 6986 7147 7191 7883 7987 8142 8714 8816 8831 9073 9533 9594 9740 9903
114 287 625 1031 1043 1177 1521 1611 1934 2414 2898 3093 3322 3530 3843 3852 4314 4679 4843 4959 5023 5214 6709 6922 7762 7932 8377 9050 9573 9734
115 79 148 577 1110 1335 1366 1798 2393 4170 4176 4528 4531 4878 4956 5607 6187 6363 6428 6661 6897 6945 7142 7155 7206 7447 8484 9730 9735
116 412 1121 1216 1296 1434 2240 2433 2607 2711 3051 3495 3584 3823 4226 4580 4873 5194 5415 5887 5902 5989 6219 6434 6454 6465 6778 6889 7120 7413 7630 7736 7961 8566 8612 8883 9284
117 81 208 719 1923 1929 2533 2787 2858 2932 2938 3602 3731 3766 4214 4433 4728 4822 5038 5143 5572 5800 5898 5902 6351 6454 6941 6970 7013 7351 7575 7688 7929 7960 8087 8257 8343 8495 8891 9007 9021 9138 9374
118 167 255 641 1627 1852 1948 2005 2139 2215 2299 2611 2768 2892 3144 3729 4527 4954 5006 5156 5497 5869 6161 6650 7521 8109 8524 8728 8832 8918 9089 9265 9270 9347 9444 9918
119 112 238 444 654 946 1110 1323 1997 3135 3215 3331 3485 3976 4123 4647 5082 5849 5889 5961 5966 6525 7092 7142 7161 7694 8209 8528 8716 8907 8967 9034 9461
120 208 985 1040 1139 1452 1969 2072 2737 3219 3343 3841 4245 4577 5349 5359 5645 5799 5964 5966 6189 6351 6374 6554 7280 7820 8069 8150 8528 8618 8813 9499 9675
121 867 969 1110 1933 1942 2437 2570 2601 2875 2943 3117 4020 4045 4367 4651 4765 4903 5389 5444 6141 6356 7141 7304 7566 7694 7948 7992 8077 8425 9007 9409 9742
122 574 689 881 1323 1865 2426 3362 3521 3862 4034 4337 4367 5026 5063 5143 5856 5936 5982 6095 7290 7519 7688 8040 9028
123 106 2465 3334 3469 3582 3731 5400 6502 6675 7023 7624 8220 8906 9448 9660 9866
124 283 1377 1383 1436 1776 2750 2929 3830 3967 4021 4260 4361 4858 5067 5112 5547 5762 5772 5802 6011 6376 6914 6953 7165 7320 7719 8040 8439 8716 8841 9874
125 446 638 991 1287 1293 1752 2260 2263 2465 2858 2951 3060 3089 3434 3586 3885 4107 4169 4188 4326 5138 5239 5450 6285 6731 6759 6863 6992 7068 7169 8462 8487 8529 9270 9428 9852
126 564 626 714 1657 2615 2650 2886 3066 3379 3662 4457 4626 4658 5898 6270 6534 7665 8427 8564 8715 9219 9565 9607 9650 9692 9979
127 199 296 633 1118 1348 1496 1560 2414 3343 3364 3533 3681 3865 4020 4176 4356 4636 4647 4660 6014 6021 6075 6170 6486 6576 7115 7713 7786 7993 8644 8663 8836 8900 9592 9606 9615 9945
128 336 713 1205 1238 2043 3153 3507 3982 4622 4749 4811 5304 5471 5875 6739 7381 7596 7696 7759 8015 8056 8069 8586 9607 9988 9995
129 75 755 929 1292 1305 1651 1665 1831 2060 2146 2340 2346 2732 3077 3144 3525 3533 3964 4277 4399 4493 4647 5245 5481 5507 5810 5948 6608 7160 7765 7997 8296 8462 8516 9327
130 102 744 1050 1241 1305 1413 1650 2105 2266 3020 3447 3883 3889 4625 4783 5553 5748 6014 6416 6712 6938 7088 7146 7200 7367 8134 8275 8495 8722 9244 9393
131 148 297 352 1092 1799 1858 1934 1942 2553 2696 2910 3432 3783 4526 5253 5335 5909 5985 6262 6354 7133 7267 7291 7333 7338 7715 7868 8507 8532 8776 9615 9807
132 355 569 1014 1380 1980 2488 2643 2668 2717 3050 3504 3877 4314 4633 4695 4823 4914 4925 5269 6295 6460 6631 7099 7992 9174
133 133 366 921 945 1454 1805 2058 3304 3468 3537 4286 4402 4671 4746 5088 5156 5288 5449 5457 5783 5896 5979 6635 6676 6683 6712 6909 7598 7852 8212 8388 9004 9260 9494 9848 9933
134 131 155 238 329 640 865 1079 1083 1091 1833 2109 2533 2555 3146 3173 3225 3537 3597 4034 4586 4912 5212 5251 5260 5520 5553 5775 6391 6469 6470 6487 7681 7713 7883 8090 8387 8687 8722 8762 9047 9211 9315 9600 9608 9645 9728
135 250 744 857 1252 1299 1465 1779 2182 2515 3074 3120 3889 4108 4168 4505 4946 5194 5458 5638 6695 7331 7438 7481 7598 7670 7709 7845 7880 8067 8663 8775 9256 9540 9645 9666 9688 9865 9979
136 122 300 673 686 1025 1208 1454 1542 1607 2189 2466 2537 2650 2771 2863 2966 2986 3064 3336 3543 3885 4520 4626 4857 4909 5194 5244 5334 5385 5406 5483 5783 6148 6545 6683 7509 8209 8325 8722 8920 9465 9533 9848
137 477 878 1091 1259 1498 2681 2870 4154 4170 4176 4742 5043 5068 5277 5294 5397 5535 5565 5580 6061 6067 6073 6928 7049 7219 7688 8031 8812 8932 8982 9080 9652 9901
138 116 427 474 956 1137 1145 1554 1740 2349 2463 2595 2630 3051 3326 3841 3843 3935 4393 4720 6015 6134 6270 6503 7174 7669 8054 8078 8319 8990 9023 9414 9593 9615
139 522 770 900 2156 2179 2383 2426 3305 3491 3576 3894 4228 4314 4423 5502 5838 6067 6082 6554 7734 8157 8451 8499 8634 8681 9003 9241 9461 9655
140 300 639 666 759 866 916 991 1452 1737 1981 2064 2121 2662 2943 3241 3553 3699 4241 4423 4645 4878 6197 6287 7136 7669 7733 7786 8268 9230 9312 9569 9697
141 88 523 553 950 1219 1560 1784 2741 2986 3032 3043 3061 3144 3363 3447 3916 4071 4230 4343 4527 4606 5748 5821 6103 6163 6427 6485 6996 7439 7604 7606 8150 8581 9265 9428 9463 9565 9930 9939
142 1145 1204 1860 1934 2414 2433 2458 2595 3637 3731 3739 4029 4314 4531 4884 5006 5848 6129 6134 6161 6359 6613 6635 6650 7192 7790 7795 8293 8402 8696 8898 9027 9219 9292 9757 9938
143 454 977 1908 2895 2986 4302 4710 5431 5639 5655 5788 5796 5821 6124 6154 7217 7616 7901 8150 8189 8387 9003 9162 9230 9299 9464
144 116 188 802 928 1557 2114 2117 2165 2175 2707 2740 3135 3233 3240 3249 3297 3425 4237 4823 4958 5730 6747 7372 7567 7629 8022 8189 8269 8598 9733
145 200 412 475 829 873 1571 2416 2615 2923 3376 3498 4433 4985 5026 5044 5097 5194 5477 5668 5887 6197 6262 6611 7055 7167 7216 7221 7310 7393 7467 8062 8249 8293 8405 8478 9836 9979 9984
146 218 220 592 776 874 1752 1848 2203 2323 2608 2846 3561 4060 4462 4705 4824 5198 5413 6387 6687 7234 7425 7481 7912 8121 8286 8396 8495 8686 8753 8904 9065 9066 9260 9364
147 130 200 541 1086 1901 2115 2857 3007 4081 4313 4527 5482 5738 6028 6360 6412 6482 6588 7367 7463 7630 7713 8236 8260 8268 8342 8387 8958 9135 9186 9281 9607
148 571 958 987 1036 1542 1985 2050 2342 2513 3064 3567 5340 5825 6216 6385 6833 7154 7304 7899 8188 8480 8756 8784 9116 9708
149 116 247 656 1256 1287 1327 1790 1943 1956 2489 2802 3081 3146 3784 4057 4282 4988 5187 6061 6281 6530 7099 7193 7367 7474 8062 8552 8830 9027 9295 9559 9656 9943 9991
150 1348 1858 1929 2017 2423 2696 2966 3117 3702 3926 4145 4178 4664 5064 5164 5316 5408 5868 7126 7629 7639 8210 8406 8716 8900 9050 9080 9451 9697 9832
151 44 745 782 1150 1154 1332 1587 2480 2569 2652 2983 3043 3101 3345 4402 4886 4929 5362 5437 5715 6729 6777 7284 7692 8092 8212 8406 8451 8495 8531 8670 9137 9191 9295 9351
152 39 205 247 352 450 1004 1328 1352 1601 1831 1984 2302 2407 2533 2643 2687 2810 2910 2943 3184 3846 4170 4717 5151 5719 5784 5869 5873 6141 6458 7219 7258 7439 7939 8043 8592 8651
153 1216 1290 1405 1464 2274 2474 2583 2732 3072 3687 3944 3970 5155 5164 6067 6086 6116 6833 6939 7099 7293 7775 8092 8765 8822 9023 9270 9316
154 142 374 1066 1702 2028 2116 2136 2182 2383 2712 3656 3750 3820 3888 3932 3981 4068 4350 4898 5192 5580 6460 6490 7219 7369 7579 7586 7820 7874 8181 9085 9646
155 227 385 405 427 983 1034 1106 1375 2049 2711 2857 3088 3100 4004 4372 4527 4730 5589 5860 6029 6161 7026 7105 7180 7749 7948 8069 8137 8195 8212 8387 8609 9362 9885
156 46 528 691 1010 1140 1169 2458 3148 3251 3261 3509 3565 3700 4104 4314 4801 4928 5072 5129 5695 5773 5821 7386 7820 8236 8358 8663 8671 9270 9275 9545 9654 9750 9829
157 247 557 935 1181 1218 1256 1370 1401 1956 2185 2608 2634 2788 3251 3326 3696 4539 4784 4937 4974 5145 5572 5589 5704 5768 5815 5902 6285 6528 7082 7694 7790 8062 8193 8248 8340 8722 9138 9465 9623 9852
158 872 950 1206 1256 1365 1789 2209 2239 2465 2858 3707 3781 4151 4531 4610 4709 5461 5747 6193 6212 6465 6669 6770 7041 8174 8189 8227 8259 8373 8628 9367 9862 9903 9931
159 639 718 719 794 1328 1942 2038 2070 2160 2184 2304 2858 2923 3144 3757 3969 4004 4084 4342 4624 5483 5583 6010 6949 7008 7072 7210 7219 7353 7950 7987 8445 8466 8907 9270 9436 9990
160 252 340 354 655 1086 1247 1476 1528 2943 2946 3146 4134 4901 5326 5907 5993 6028 6178 6687 6691 6945 7087 7127 7188 7486 7519 7979 8726 8932 9013 9279 9691
161 1181 1256 1370 1522 1781 1790 2197 2260 2866 2904 3236 3684 4035 4253 4439 4619 4697 5385 6236 6705 6742 7053 7362 7519 8403 8556 8994 9565
162 135 136 352 367 447 784 925 1077 1139 1412 2107 2409 2607 2972 3783 4442 4774 5014 5150 5185 5239 5307 5899 6141 6149 6332 6615 6790 6970 7688 7902 7939 8342 8685 8775 8887 8893 8947 8975 8995 9215 9224
163 150 183 569 1036 1039 1387 1633 1762 2240 2335 3146 3270 3545 3872 3877 4606 5030 5451 5645 5670 5797 5902 6216 6225 6899 6980 7579 7920 8439 8713 8930 9132 9528 9841
164 676 1871 1986 2064 2693 3008 3395 3572 4348 4641 4666 4990 5214 5492 5767 5860 6073 6608 6798 6949 7629 8227 8307 8376 8442 8743 9223 9338
165 199 250 716 753 828 1120 1439 1510 1560 1686 1877 2114 2192 2817 2986 3064 3380 3603 3630 4277 4527 4787 5288 5390 5632 5636 5797 5801 5899 6087 6161 6374 6470 6955 7486 7517 7572 7575 7852 7936 8375 8693 9364 9478
166 332 369 872 934 1336 2608 2681 2707 2910 3395 3432 4437 4679 5430 5494 5543 6057 6280 6355 6486 6621 6767 6895 6922 6990 7012 7459 7473 7517 7618 7686 7756 7822 7845 8104 8332 8566 8994 9026 9219 9442 9885
167 1183 1265 1607 2292 2611 2858 3149 3193 3590 3784 3877 3981 4602 4684 5122 5748 5902 6327 6369 6373 6588 6919 7318 7602 7684 7691 8210 8533 8593 8734 9615 9751 9836 9871
168 148 379 427 780 910 1252 1710 1763 2260 2331 2475 3176 3905 4269 4501 4697 4698 5117 5301 5780 5839 6423 6967 7698 7791 7975 8148 8360 8593 8900 9051
169 116 232 569 1761 1790 1846 2256 2413 2661 2946 3081 3331 3505 4450 4842 5264 5548 6354 6387 6669 7126 7574 7577 7622 7859 7864 8054 8306 8581 8668 8716 9050 9265
170 650 755 784 866 1773 1904 2735 3035 3703 3865 4293 4664 4786 5149 5185 5389 5634 5821 6134 6403 6541 7454 7796 7880 8027 8512 8836 8980 9830 9834
171 133 454 1007 2052 2569 2983 3003 3095 3379 3847 4170 5275 5504 5787 5983 6061 6155 6549 6896 6945 7147 7630 7696 8121 8193 8508 8600 8858 9174
172 137 207 455 609 753 991 1358 2058 3291 3648 3914 4091 4350 4901 5131 5339 5867 6815 7272 7385 7787 8121 8231 8511 9709 9795
173 638 650 678 921 2203 2318 2787 2884 4168 4561 4614 4933 5387 5867 6391 6765 6805 7202 7235 7442 7788 8119 8518 8728 9731 9775
174 300 340 569 971 1297 1534 1800 2327 2545 3297 3557 4437 5193 5288 5607 5737 6248 6748 6800 6895 7266 7699 7710 7893 7899 7950 8198 8442 8474 8481 8848 9219 9299 9607 9713
175 295 1831 3111 3194 3490 4400 4870 5282 6233 7007 7180 7244 7848 8121 8220 8312 8463 9069 9682 9947
176 212 1071 1260 1272 1439 1668 2223 2260 2875 3012 3262 3427 3964 4091 4176 4377 4391 4526 4534 4693 4743 4901 5386 5872 6270 6537 7160 7193 7864 8375 8486 8814 8896 9042 9436
177 917 1040 1125 1134 1167 1504 1833 2615 2640 2792 3005 4025 4093 4162 4993 5097 5307 5400 5775 6250 6295 6954 7064 7320 7361 7435 7630 7807 7864 8270 8439 8498 8618 8848 9008 9199 9215 9573 9583
178 10 300 477 695 1125 1255 1831 2422 2475 2798 3092 3109 3714 3870 4004 4624 4928 5656 5742 5746 5910 6827 6956 7013 7281 7615 7899 8125 8248 8293 8371 8515 8580 8685 9523 9573
179 75 352 1282 1315 1332 2029 2685 2704 3012 3146 3304 3468 3547 3553 3835 3880 4314 4752 4886 4966 5065 5162 5318 5966 6295 7431 7474 8125 8146 8259 8852 9347 9376 9507 9515 9713 9791 9837
180 340 353 847 1339 1730 1734 2335 2958 3020 3149 3679 3719 4086 4691 4695 5257 6499 6640 7575 7676 7732 7822 8932 8989
181 46 66 116 118 1238 2155 2183 2643 2887 2900 3006 3104 3106 3111 3505 3541 3870 4036 4399 4507 5005 5052 5085 5194 5295 5385 5815 6381 6555 6581 6734 6946 7314 7429 7545 7659 8346 8585 9337 9510 9579 9903
182 56 1363 1889 1953 1971 2231 2322 2673 4234 4274 4397 4660 5029 5716 6408 6538 6793 6839 6914 7038 7759 7880 8445 8651 8696 9025 9325 9543
183 46 123 733 2399 3509 3680 3999 4264 4313 4507 4707 4976 5129 5186 6187 6752 6798 7280 7777 8209 9518 9953
184 541 625 712 979 1117 1397 1950 1984 2260 2376 2615 2651 3776 4070 4314 4453 4567 4636 4962 5302 5784 5813 6256 6391 6884 7702 7747 8193 8270 8425 8671 9003 9129 9848
185 411 427 505 912 1174 1201 1784 1800 1834 3061 4277 4314 4966 5340 5534 5713 6073 7025 7435 7733 7762 7881 8188 8934 9637 9821
186 678 1393 1668 1750 1987 2474 2685 3265 3612 3751 3827 3981 4106 4539 4679 4971 5659 5910 5981 6221 6296 6521 6903 6924 7280 7846 7864 8117 8300 8841 8953 9742 9991
187 243 697 735 1440 1515 1710 2643 2676 3509 3716 4310 4602 4679 5946 6002 6486 6528 6537 6567 7085 7820 8005 8308 8336 9107 9255
188 1095 1904 2264 2911 3425 3491 3714 3982 3997 4352 4709 4855 5155 5654 5737 6236 6406 6478 6495 6973 7048 7077 7316 7511 7749 7795 8256 8445 8599 8628 9710 9845 9968
189 199 340 2214 2240 3240 3871 4343 4382 4592 4670 4684 5095 5439 5911 5972 6101 6467 6692 7275 7438 7519 7736 7967 8512 9265 9836
190 413 447 625 771 1075 2792 3505 4004 4150 5219 5250 5775 5978 6077 6413 6909 7347 7653 7795 7824 8081 8113 8337 8599 8649 8829 9301 9347
191 321 863 1377 1625 1780 1871 1924 2147 2392 2910 3023 3032 3116 3330 3553 4343 5053 5531 5698 5804 5869 6140 6343 6547 7335 7448 7467 7699 7769 8612 9026 9357 9637 9646 9649
192 148 178 527 529 860 1220 1742 2349 2554 2692 2704 3009 3894 4053 4819 5248 5784 5813 5833 5863 7193 7845 7852 7919 8345 9159 9208 9354 9745 9898
193 76 177 554 709 1263 1289 1366 1383 1454 1780 2204 2326 2744 2797 2863 2910 3278 4531 4967 5219 5313 6014 6051 6130 6391 7126 7981 8227 8332 8345 8495 8581 9160 9533 9654 9783
194 105 152 199 761 871 1149 1607 1775 2537 2612 3152 3664 3914 4079 4350 4812 6021 6099 6453 7232 7361 7511 7630 8193 8456 8705 8881 9152 9216 9270 9731
195 177 468 1176 1560 2013 2071 2318 2485 3158 3243 3354 3584 3630 3823 3842 4069 4333 4571 4692 4837 5072 5177 5247 5661 5788 6214 6550 6986 7336 7373 7610 8124 8530 8571 8780 9211 9299 9443 9453 9640 9936
196 221 376 663 731 780 1920 1994 2458 2818 3032 3056 3308 4269 4367 4695 5009 6214 6604 6810 6894 7001 7456 7501 7536 7740 8391 8832 9400
197 76 207 443 485 813 2074 2123 2540 3105 3153 3383 3958 4070 4313 6545 6815 7389 7728 8410 8431 8845 9104 9558 9586
198 444 738 1425 1542 1642 1737 2565 3319 3494 4213 4412 4886 5085 5695 5898 6355 6616 6983 7423 7439 7484 8937 9219 9481
199 22 767 782 1059 1465 1476 1495 1686 2209 2426 2877 3363 4159 4385 4819 4958 4971 6014 6730 6837 7309 7481 7542 8055 8336 8815 9190
200 456 505 532 1175 1491 1917 1942 1958 2240 2735 2898 2934 3398 3865 4039 4463 4691 6178 6538 6842 8752 8816 8836 8920 8932 9961
201 340 463 511 782 1083 1557 2109 3184 3581 3706 3721 3798 4212 4777 4900 5643 6057 6139 6196 6216 6375 6390 6545 6667 6867 7056 7509 7697 7864 8462 9444
202 559 2240 2346 3727 4171 4364 4397 4828 5288 5307 5748 6523 6534 7285 7429 7791 7868 7904 8071 8111 8247 8427 8498 8719 8754 8973 9255 9505 9745 9803
203 670 776 1262 1959 2003 2158 2211 2288 2669 2707 2842 2904 3012 3343 3522 3610 4362 4670 4692 5099 5898 6020 6532 6790 7204 7669 8204 8712 8862 9013 9408 9518 9637
204 10 238 585 1149 1560 1611 1903 2538 2577 2638 3049 3795 4280 4528 4624 4898 5421 5560 5917 6356 6509 6628 7096 7114 8599 9545 9594
205 299 331 517 650 1259 1265 1310 1492 1610 1750 2657 2943 3023 3054 3454 3533 3869 4168 4763 4909 5507 5748 5752 6060 6174 6188 7285 7413 7569 7968 8116 8433 8994 9892
206 56 105 151 376 478 675 712 882 952 1191 1923 1963 2001 2146 2171 2437 2458 2518 2583 2730 3077 3146 3186 4093 4170 4702 5700 5747 5980 6306 6341 6705 6986 7598 8121 8508 9995
207 75 108 901 1248 1297 1562 2182 2319 2589 2615 3032 3064 3111 3241 3308 4031 4340 4462 4478 4504 4584 4972 5072 5141 5446 5656 6028 6487 6518 6978 7631 8552 8885 8987 9032 9248 9579 9659
208 1154 1923 2175 2480 2952 2978 4056 4234 4780 5248 5373 5383 5755 5814 5947 6362 6391 6416 6547 7105 7919 7921 8130 8506 8518 8702 8776 9485 9573 9668 9993
209 355 467 1238 1287 1306 1405 1464 1498 1668 1750 1800 2463 2524 2583 3086 3119 3207 3454 3584 3631 4679 4901 4977 5396 5643 5656 5825 5899 6424 6465 6467 7078 7169 7713 8142 8221 9191 9931 9993
210 96 188 300 518 1452 1682 2146 2264 2304 2404 2533 2577 2615 2647 2943 3172 3232 3379 3704 3751 3946 4004 4180 4317 4670 5075 5234 6178 6198 6640 6698 6880 7057 7855 8060 8235 8855 8856 9822
211 139 310 1276 1724 1770 2210 2885 3422 3541 3823 4658 4907 5054 5280 5340 5375 5437 5462 5794 5964 6347 6633 6795 7710 7744 8134 8174 8649 8812
212 148 234 259 319 956 991 1330 2533 3869 4176 5011 5031 5270 5326 6324 6570 7157 7519 8134 8307 8396 8538 8714 8922 9030 9607 9871
213 105 273 1101 1219 1454 1593 3236 3381 3753 3865 4040 4170 4843 4855 5134 5402 5433 6074 6425 6765 6833 6889 7105 7699 7733 7975 8959 8967 9265 9576 9688 9731
214 325 490 828 1273 1515 1670 1935 2107 2790 2939 3144 3596 5143 5188 5268 5417 5605 6223 6566 6576 7972 8022 8710 8716 8928 9260 9545 9758 9933
215 46 84 170 678 950 1358 1524 1572 1686 2074 2554 2571 2674 3914 3935 4095 4258 4588 4765 4958 4962 5014 5341 5507 6491 6922 7864 7992 8363 8599 9517 9804
216 174 188 2189 2898 2917 3661 4991 5078 5341 6134 6334 6484 6724 6891 7254 7513 7598 7618 8176 8241 8635 9172 9255
217 166 206 214 575 1339 1839 2732 3093 3233 3689 3880 4660 5343 5580 5748 6280 6611 7036 8025 8706 8850 9481 9533 9684 9965
218 467 625 783 1149 1534 1969 2982 3308 3508 3702 3752 3792 4065 4232 4433 4566 4958 4995 5293 5690 5777 6141 6875 6954 7407 7521 7732 7736 8044 8711 9795
219 238 991 1110 1125 1134 1569 1779 2002 2109 2182 2444 2598 2611 3254 3297 3509 3543 3751 3958 4378 4520 4771 5132 5194 5228 5458 5780 5880 6188 6421 6512 6537 7183 7396 7549 7756 8104 8618 8854 9043 9349 9407 9443 9496 9637 9829 9988
220 1003 1145 1252 1774 2113 2147 2235 2260 3023 3073 4320 4815 5005 5014 5142 5434 5740 5783 5948 5966 6075 6332 6602 7355 7503 7767 7902 8233 9197 9957
221 200 271 527 1505 2001 2123 2531 3074 3109 3231 3432 3456 3672 3753 3795 3969 4011 4199 4399 4403 4658 5054 5117 5902 6262 6301 6503 6677 7216 7439 7960 8477 9107 9533 9607 9640
222 46 438 553 813 1007 1164 1353 1391 1831 1979 2198 2304 2764 2858 2917 3425 3672 3703 3835 4091 4401 5543 5643 6196 6416 6630 6672 6955 8674 8887 9091 9414 9461 9624 9637 9692 9969
223 183 437 742 753 951 965 1454 1586 2485 2752 2872 2910 3798 4311 4661 5033 5212 5271 5386 5704 5777 5848 5913 5966 6680 6967 7110 7459 7950 8060 8133 8428 8599 8830 9374 9545 9677 9707 9717
224 385 695 1105 1328 1339 1358 1786 2313 2396 3863 4179 4278 4346 4539 4586 4913 4995 5329 5715 5950 6021 6547 6672 6771 7205 7219 7393 7896 8491 8688 9955 9959
225 372 642 726 813 993 1579 2246 2320 3013 3106 3260 3319 3567 3612 3865 3969 4933 5112 5212 6099 6391 7105 7239 7363 7457 8043 8251 8552 8848 8893 9219 9474 9640 9940
226 51 82 376 1125 1642 1763 2077 2615 2904 3074 3395 4521 4942 5219 5526 5643 5902 6438 6968 7105 7610 7716 7765 7929 7950 8170 8310 8841 9219 9871
227 1004 1123 1299 2123 2158 2722 3004 4178 4264 4282 4548 4710 4906 5014 5055 5784 6285 7721 7833 8019 8159 8414 8499 9965
228 524 551 707 1810 1840 2773 3025 3337 3673 3936 4340 4844 5111 5175 5445 5465 5589 6404 6492 6701 6865 6892 7033 7456 7509 7525 8131 8880 9580 9636 9837 9993
229 267 928 934 960 1079 1552 2136 2341 2600 2820 3457 4026 4362 4558 5322 5580 5863 6188 6484 7039 7050 7116 7820 8581 8776 9235 9901 9992
230 116 200 211 752 756 876 1072 1077 1241 1736 2583 2847 2892 3234 4539 4958 5234 5715 5843 6020 6234 6423 6476 6770 6899 7045 7314 7353 7842 7920 7974 8832 8834 9444 9605
231 82 719 732 1445 1586 2052 2670 2847 2856 3195 3521 3541 3612 3757 3841 4629 5301 5639 5784 5906 6772 6993 7064 7504 7669 7864 7874 7885 8444 8470 8503 9139 9273 9347 9444 9822
232 79 164 238 321 358 1066 1354 1774 2005 2008 2121 2346 2383 2424 2810 2951 3032 3111 3227 3704 4134 4760 4801 5063 5341 5504 5525 5645 5703 5964 6014 6054 6170 6258 6280 6377 6445 6537 6778 6817 7304 7630 7874 8220 8683 8748 9003 9265 9325 9395 9991 9994
233 366 625 1305 1657 1845 1948 2175 2590 2696 3158 3326 3408 3783 4147 4311 4858 4939 5030 5386 5658 5946 6014 6155 6978 7179 7643 8172 9172 9317 9580 9637 9723
234 188 412 420 455 535 1127 1192 1303 1868 2465 2615 2892 3285 4007 4356 4367 4399 4636 4679 4802 4870 5003 5326 5458 5880 6332 6362 6528 6728 6827 6889 7087 7519 7664 8284 8392 8418 8495 8690 9398 9681 9892 9970
235 46 332 519 660 950 951 1343 1831 2607 2676 2892 2904 3830 3982 4418 4491 4517 4733 4784 5504 5654 6115 6281 6351 6613 6618 6625 7060 7087 7183 7429 7634 8053 8134 8259 8815 8848 8855 8920 9268 9750 9786 9908 9971
236 133 188 949 985 1220 1710 1839 2156 2583 2752 2837 3612 3795 3797 4033 4180 4314 4414 4501 5458 5860 6507 6584 7240 7489 7556 7684 7754 7922 8114 8217 8578 8663 8728 8920 9374 9722 9940
237 247 523 646 936 937 1640 1690 2064 2117 2543 3169 3894 4277 4558 4622 4670 5062 5710 5887 5898 6492 6718 7151 8043 8130 8267 8581 8782 8855 9139
238 385 774 895 1140 1264 1383 1454 1847 2247 2577 2615 2640 2943 3103 3163 3533 4234 4282 4884 5748 5839 5903 6292 6306 6385 6415 6817 6931 6938 7105 7120 7143 7968 7977 8388 8406 9215 9713 9755
239 351 884 1843 2555 3023 3728 4029 4036 4399 6226 6611 6683 6909 7474 7786 8139 8210 8301 8340 8660 8843 9149 9215 9312 9518
240 385 925 951 1044 1256 1538 1642 1868 2037 2265 2533 2578 3073 3304 3386 3865 4047 4324 4367 4549 5270 6834 7053 7087 7101 7141 7399 7537 7813 7922 8571 9271 9955 9957
241 46 374 1058 1156 1661 2321 2476 2577 2634 2857 2986 3012 3149 3326 3669 3753 4346 5112 5182 5631 6313 6458 7180 7610 7713 7960 8069 8078 8116 8338 8855 9036 9230 9607 9661 9753
242 141 355 625 780 1299 1343 1721 1752 1916 2155 2321 2454 2617 2666 2760 2943 3375 3547 3675 3702 3743 4639 4901 5138 5240 5437 5446 5456 5748 5838 5848 5998 6131 6134 6170 6938 7151 7786 7864 7965 8081 9013 9758
243 76 164 376 935 1328 1668 1734 2240 2666 2673 2735 2739 2943 3101 3103 3827 3863 4369 5104 5150 5172 5192 6044 6061 6134 6390 6469 6486 6610 6656 6758 6762 6949 7105 7169 7361 7364 7795 7975 8163 8708 8716 9075 9800 9829
244 300 761 1140 1479 1546 1846 1959 2101 2350 2538 3079 3154 3432 3795 3944 4176 4583 4983 5178 5248 5253 5795 6329 7291 7885 9348 9366 9604 9607
245 625 793 858 930 1121 1822 1841 1917 2244 2295 2383 2538 3403 3755 3885 4054 4079 4679 4714 4752 4948 5126 5418 5869 5992 6082 6469 6669 7151 7183 7243 7419 7720 8193 8287 8539 8856 9301 9453
246 238 425 642 707 718 729 755 1169 1548 1898 2125 2382 2630 2773 3637 3877 4399 5783 6028 6739 6991 7163 7692 7790 7922 7998 8125 8405 8452 8612 9318 9607 9720 9757
247 79 139 157 183 523 676 935 1311 2139 2699 2721 3073 3156 3176 3376 3561 3620 4110 4765 5341 5917 6038 6178 6258 6790 6819 6986 7082 7200 7461 7725 7806 7968 9045 9349 9677
248 63 259 311 412 437 450 828 901 1125 1252 2439 2576 2601 3004 3006 3053 3840 4801 4967 5502 5821 6076 6459 7053 7473 7755 8154 8189 8362 8431 9129 9357 9530 9654 9936
249 84 427 676 2143 2269 2274 2340 2555 2782 2856 2978 3363 3984 4951 5125 5295 5393 6099 6113 6573 6687 7193 7912 8189 8756 8848 9305 9848 9946
250 238 321 406 609 668 926 1041 1471 1645 1849 4667 5818 6197 6226 6491 7405 7688 8053 8470 9377 9643
251 145 369 674 1042 2827 2852 3141 3758 3894 3926 4021 4107 4520 5286 5696 5788 5838 6170 6530 6827 7014 7039 7822 7864 8341 8600 8938 9116 9146 9518 9731
252 494 686 843 1056 1142 1328 1330 2127 2898 2939 3004 3093 3731 3882 4345 4526 4893 4913 5029 5067 5156 5758 5917 6020 6115 6254 6778 6945 7191 7261 7560 7669 8344 8809 8908 9025 9124 9607 9723
253 30 303 349 405 569 937 1260 1296 1373 1647 1798 2604 2624 2707 2910 3004 3073 3543 3720 3820 3923 4011 4294 4884 5643 6292 6327 6584 7632 7653 7669 8044 8142 8519 8671 8728 8966 9449 9565 9645 9684
254 1391 3149 3174 3656 3700 3751 4765 4801 4853 5339 5433 5612 5645 5716 5775 5860 6359 6485 6917 6945 7890 8539 8601 8775 9013 9119 9144 9215
255 88 552 1105 1157 1335 1542 1711 1774 1935 2549 2892 3111 3113 3229 3989 4238 4607 4639 4803 5163 5323 5413 5659 5849 5866 6061 6129 6355 6490 7333 7413 7829 7833 8414 8733 9014 9370 9593
256 9 465 1181 1782 1962 2184 2426 2595 2701 2938 3195 3213 3789 4541 5149 5677 5716 5726 6428 7077 7629 7652 8005 8209 8268 8644 9173 9364 9466 9496 9623
257 360 638 861 1162 1328 1579 1923 2630 3106 4814 5040 5219 5341 5352 5433 5777 5827 6105 6528 6550 6681 7123 7373 9211 9383 9453
258 540 782 876 1125 1306 2633 3165 3278 3354 3552 3853 3913 3936 4180 4300 4527 4614 4616 4958 5662 5942 6049 6324 7055 7291 7476 7569 7742 7852 8105 8183 8270 8908 9003 9077 9167 9551
259 23 367 396 876 1077 1363 1504 2150 2207 2867 3004 3314 4071 4079 4176 4367 4526 4660 5982 6201 6362 6413 6765 6802 6829 7029 7266 7367 7669 8198 8405 9065 9230 9667
260 648 1343 1515 2707 2792 3066 3230 3537 4180 4272 4400 4401 4786 5095 5326 5441 5902 6014 6032 6048 6280 6465 6610 6627 7004 7131 7240 7254 7369 7630 8143 8150 8183 8275 8690 9565
261 1613 2105 2239 2892 2986 3255 3521 3638 3781 3806 3885 4079 4243 4340 4836 4855 5005 5567 5607 5770 5875 6381 6827 7037 7071 7090 7252 7883 8052 8188 8797 9178 9688
262 528 613 2396 2533 2704 2930 3331 3537 4294 4309 5022 5044 5138 6326 6428 6547 7126 7485 7570 7582 8462 8856 8934 9169 9175 9187 9385 9604
263 175 420 524 925 945 1680 2136 2596 2666 3023 3541 3992 4029 4537 4651 4843 5095 5386 5997 6701 6766 6817 7057 7267 7541 7736 8421 9003 9579 9772
264 457 551 866 1670 1932 2327 2811 2844 2860 3163 3320 3336 3509 3533 4150 4367 4807 5304 6028 6083 6465 6538 6836 6895 7069 7105 7133 7234 7732 8029 8133 8601 9026 9273 9666 9787 9912
265 225 647 687 742 745 834 935 1647 2158 2183 2414 3964 4313 5335 5492 5825 6296 6739 6787 6875 7020 7033 7054 7698 7788 8069 8136 8259 8738 8980 8982 8994 9351 9669 9738
266 126 200 238 730 945 1364 1784 2164 2704 3766 3894 4063 4286 4639 4834 5280 5388 5654 5794 6186 6232 7153 8042 8078 8140 8251 8387 9080 9487 9668 9789 9917
267 443 638 1230 1361 1780 1784 1835 1969 2608 2704 3758 4057 4691 4824 5429 5543 5824 5838 6067 6592 6630 6946 7602 7699 8090 8442 8652 9013 9206 9296 9607 9928
268 541 719 1299 1441 1607 1852 2111 2516 2583 3379 3458 3602 3697 3811 3812 3894 3999 4110 4117 4901 5589 6409 6844 6922 7197 7852 8189 8406 8698 9087 9518 9957
269 449 660 1264 2000 2978 2990 3192 3830 4845 4920 5166 5383 5437 6082 6470 6642 6817 6967 7126 7193 8294 8918 8987 9185 9623 9816
270 75 83 227 683 925 1984 3111 3215 3781 3850 4299 4314 4717 5113 5303 5520 5543 5660 6187 6311 6503 7293 7513 7833 8313 8443 8528 9114 9178 9254 9464 9607
271 273 368 1289 1330 2293 2383 2650 2855 3081 3377 3405 4004 4129 4314 4493 4531 4765 4962 4977 5552 5849 6046 6254 6572 6615 6945 7039 7053 7324 8008 8644 8831 9395
272 46 745 937 997 1328 1482 2555 2653 2707 2735 2943 3006 3703 4240 4378 5004 5294 6141 6358 6360 6528 6790 6833 8134 8636 9123 9188 9586 9609 9968 9970
273 316 960 1092 1125 1204 1454 2533 3232 3313 3981 4176 4177 4326 4491 5186 5323 5907 5909 6936 7012 7040 7179 7686 7688 7956 9003 9244 9467
274 478 860 1405 1719 1904 1979 2128 2135 2209 2666 2810 3241 3521 3823 4160 4178 4627 4635 5531 6555 6931 7884 8106 8175 8418 9063 9083
275 455 654 921 993 1752 1809 2597 3012 3189 3376 3675 3726 3823 4170 4687 5061 5400 5478 5748 6214 6421 6808 7082 7419 7806 8235 8352 8423 8663 9449 9533 9806 9837 9886
276 284 687 1328 1343 1557 2314 2693 3144 3348 4047 4402 4691 5030 5124 5341 5795 6705 7009 7355 7526 8012 8202 8644 8998 9265 9349
277 850 952 1860 2465 2554 3086 3379 3529 3582 4314 4647 4784 5035 5433 5514 5777 6258 6938 7165 7254 7771 8062 8186 8548 8583 9218 9270 9349 9720
278 648 786 876 1934 3231 3343 3496 3700 3827 3985 4151 4974 5063 5169 5871 6829 6909 8140 8191 8441 8994 9202 9224 9414 9551 9786 9834 9954
279 1149 1167 1739 1934 2393 2537 2685 2898 3623 4104 4286 4306 4389 4661 4973 5458 5826 6143 6175 6285 6582 6692 6986 7048 7399 8061 8145 8302 8325 8367 9344 9563
280 300 873 1344 1495 2013 2465 3256 3607 3830 3942 3961 4063 4107 4377 4490 5997 6150 6538 6692 7153 7164 7200 7499 7629 7637 7933 8673 8722 8728 9124 9215 9573 9757 9775 9991
281 46 246 367 417 477 719 1058 1112 1429 1554 1665 1790 2739 2792 3053 3144 3267 3354 3603 4007 4070 4127 4340 5726 5869 5946 6584 6982 7396 7419 7545 7629 7664 7777 7950 8309 8670 9264 9347 9467 9755 9940
282 79 569 718 1375 1904 2302 2391 2897 2900 2926 2983 3157 3432 4199 4211 4222 4544 5500 6071 6487 7216 7397 7474 7553 8441 8842 8899 9003 9137 9545 9867 9911
283 293 624 1025 1871 1969 2057 2270 2747 2954 3202 3956 4362 4591 5194 5866 6346 6468 7085 7521 8014 9050 9697
284 7 157 239 463 489 647 2013 2365 2481 3936 4004 4093 4909 5033 5572 6024 6139 6635 6903 6982 7806 7811 7820 8029 8162 8495 8532 9085 9298 9347 9664 9931 9991
285 259 395 1129 1130 1424 2983 3319 3392 3395 3801 4389 5270 6084 6404 6410 7042 7053 7165 7213 7554 7792 8245 8345 9178 9430 9720
286 626 788 971 991 1246 1256 1299 2745 2970 3007 3121 3409 3493 3837 4034 4099 4100 4622 4705 5783 5826 5908 6408 7434 7688 7956 8177 8888 9032 9043
287 287 770 1556 1667 2532 2978 3498 5748 5921 6594 6731 6770 6915 7037 7154 7238 7626 7752 9232 9491
288 133 321 1459 1496 2062 2433 2538 3144 3432 3736 4222 4307 4336 4716 5080 5787 6058 6306 6327 6650 6945 7053 7318 7456 7517 7987 8809 9461 9483
289 707 857 1287 1358 1566 2369 2818 2987 3683 3710 3875 4007 4418 4457 4660 4787 5019 5212 5887 5921 6014 6360 6467 6487 6610 7320 7400 7714 8842 9094 9496 9545 9816 9965
290 300 502 773 1237 2305 3007 3104 3865 3883 4311 4491 4709 4760 4787 5341 5848 5911 6014 6070 7026 7057 7105 7349 7688 8235 8464 8922 9252 9292 9349 9545 9803
291 84 300 397 488 834 1289 1367 1757 2486 2598 3172 3463 3865 3877 4112 4180 5053 5149 5302 5365 5386 5748 5762 5783 5818 5996 6067 6292 7001 7689 7919 8022 8069 8880 8958 9609 9618 9666 9733 9961
292 13 250 321 482 662 780 930 1305 1784 2480 3103 3240 3405 4056 4669 4691 5063 5251 5271 5307 5333 5347 5862 6296 7456 7519 7670 7772 8021 8078 8121 9247 9567 9795 9990
293 647 910 1454 1731 2943 3409 3596 3964 4170 4271 4314 4804 4870 5106 5150 5215 5492 5547 6747 6975 7135 7207 7511 7752 7806 7845 8419 8486 8908 8911 8927 9015 9073 9178 9933
294 930 1181 2038 2190 3134 3523 3528 3804 3818 4439 4870 5104 5356 6467 6895 7072 7105 7434 7456 7767 8272 9254 9837 9940
295 177 234 369 374 420 683 1140 1233 1571 1585 1705 2146 2413 2475 2696 2988 3007 3073 3144 3146 3222 3377 3507 3720 3758 3784 3814 4352 4985 5090 5185 5326 5437 6511 6547 6889 7064 7087 7110 7185 7266 7467 7713 7971 7997 8116 8495 8711 8747 9014 9281 9640 9688
296 278 325 1065 3004 3276 3327 5143 5239 5458 7628 8083 8307 8569 8807 9285 9500 9534 9545 9838 9979
297 947 1121 2223 2292 2491 3316 3418 3837 4470 5233 6309 6447 6567 6831 7105 7409 8140 8195 8211 8455 8685 9265 9296
298 253 661 739 952 991 1137 1731 1859 2014 2485 3262 3360 3894 4396 4811 5228 5400 5780 5899 6800 7454 7521 8532 8838 9592 9733
299 58 1323 1337 1510 1850 1859 2030 2437 3052 3362 3451 3584 3586 4133 4766 5330 5359 7030 7063 7088 8095 8125 8189 8230 8242 9982
300 269 437 828 850 1117 1241 1267 1625 1710 1916 1934 2401 2785 3251 3536 3567 4013 4350 4847 5069 5122 5448 5885 6604 6873 7142 7569 8920 9197 9598 9993 9995
301 300 345 444 513 603 860 989 1125 1365 1607 2125 2209 2529 2662 2808 3032 3081 3374 3543 3792 4107 4905 5053 5207 5710 5848 5928 6130 6175 6534 6692 6785 6945 7178 8210 8787 8836 9031 9043 9444 9551 9555
302 752 774 1246 1534 1743 2275 2795 3207 3238 3386 4439 4522 4647 4728 4765 4907 6258 6427 6786 6999 7249 7688 7801 9991
303 699 925 1608 2227 2412 2580 3101 3319 4340 4965 5322 5399 5418 5504 6675 6829 7026 7438 7601 8017 8104 8116 8193 8361 8711 8744 9008 9021 9412 9440
304 207 349 388 951 2016 2202 2673 2865 3355 3383 3835 3932 4100 4156 4238 4385 5063 5064 5166 5278 5677 6844 6861 7069 7233 7630 7902 8528 8601 8856 8881 8987 9010 9697
305 188 555 719 732 1429 2085 2690 2870 3077 3199 3352 3441 4236 4504 4875 5564 6126 6831 7852 7860 7933 8103 8193 8363 8663 9270 9436 9498 9839 9991
306 33 272 286 395 854 1905 1956 2240 2319 2699 2707 2752 2774 2876 3003 3842 3963 3965 4423 5553 6636 6675 6765 6840 8022 8248 8644 9433 9712 9938
307 399 413 625 699 1031 1248 2187 2212 2383 2426 2464 2690 3220 3397 3961 4342 5149 5826 6554 6677 6833 7177 7406 7795 7997 8177 8708 8908 9178 9545 9869 9986
308 205 1471 1942 2010 2175 2297 2796 3113 3578 3597 3923 4664 4692 4698 5126 5430 5917 6544 6685 6980 7068 7456 8121 8319 8790 9139 9789 9931 9950
309 56 76 138 517 732 955 1557 2064 2192 2403 2614 2883 2968 3190 3377 3395 3437 3703 5869 6074 6141 6526 6899 6905 7105 7126 7808 7896 8015 8179 8223 8580 9533 9930
310 205 427 514 1142 1242 1429 1904 2182 2292 2382 3409 4004 4104 4821 5065 5161 6061 6196 7105 7233 7545 7710 7716 8116 8125 8309 8377 8392 8487 8532 8853 9265 9838 9995
311 78 83 220 221 512 521 1209 1560 2533 2569 3106 3612 3704 3961 4234 4431 4489 5543 6327 6355 6651 6899 8078 8092 8535 8651 8800 9607 9859 9933
312 46 139 397 457 820 921 1025 1097 1542 1624 1710 1950 2168 2662 3163 3982 4755 4948 5821 5898 6067 6323 6334 6653 6671 6698 6778 6893 7756 8461 8495 8609 8671 8789 8896 9211 9215 9238 9265 9551 9816 9834 9852 9887 9979
313 281 792 1256 1263 1523 1642 2161 2263 2741 3081 3144 3285 3823 3909 4245 4486 4891 5401 5507 5708 5758 6365 6696 6810 7193 7355 8106 8263 8579 9982
314 259 437 708 838 893 935 1740 2486 3593 4198 4327 5523 6117 6893 7207 8145 8599 9496 9526 9628
315 79 513 625 774 779 828 1429 1552 1731 2589 2879 3005 3240 3543 3836 4193 4260 4401 4658 4737 4901 5038 5072 5887 5896 6301 6465 6534 6613 7077 7239 7266 7485 7652 7679 7992 8169 8592 9374 9583 9830
316 253 376 598 662 1117 1293 1774 2518 2790 2979 3103 4037 4562 4844 4926 4967 5110 5179 5234 6071 6324 6551 6652 7919 8910 9030 9073 9313 9463 9600
317 444 497 1064 1919 2628 3188 3547 3754 3907 4389 5006 5109 5329 5715 6021 6103 7759 8200 8776
318 468 545 790 1123 1752 2369 2375 2533 2806 2933 3098 5643 5698 5748 5997 6945 6978 7001 7050 7444 7652 7710 8256 8298 8938 8961 9107 9600 9655 9912
319 210 753 1149 1498 1880 1962 2240 2583 2598 2962 3961 4444 4691 5041 5095 6063 6123 6482 6519 7262 7575 8123 8146 8693 8823 9133 9464
320 229 247 1770 2228 2290 2822 2966 3393 3790 5254 5732 6018 6355 7059 7226 7856 8306 8852 9709
321 279 1265 1556 1740 1956 2064 2149 2439 3077 3364 4081 4879 5119 5157 5445 5554 6011 6611 6635 6920 7086 7099 7105 7296 7426 7713 7851 7949 8499 8609 8863 9283 9837
322 7 512 843 887 2376 2403 2491 2634 2680 2875 3016 3023 3883 3885 3937 4787 5438 5557 5788 5993 6296 7037 7038 7602 8057 8313 8387 8581 9608 9659 9861
323 1058 1633 1761 1934 2340 2685 3282 3728 4342 4413 4470 4780 4905 5043 5099 5443 5457 5912 6484 6547 6627 7296 7356 7663 7970 8081 8581 8686 9031 9299 9336 9637
324 300 616 650 660 796 1405 1934 1978 2199 2240 2586 3474 3552 3964 4091 4664 4692 4749 5194 5390 5462 5836 5848 6281 6487 6790 7105 7137 7146 7278 7423 8428 8911 8998 9798
325 131 246 463 501 670 2615 2633 3132 4051 4343 5359 5501 5889 6298 6454 6935 7068 7280 7367 7476 8203 8265 8487 8807 9055 9137 9688 9820
326 325 417 691 971 1164 1552 1571 1674 1761 2260 2806 2983 2994 3190 3707 3728 4348 4616 5151 6567 6608 6619 7951 8304 8502 8848 9192 9604 9674 9970
327 219 243 259 402 477 647 761 847 1365 1524 1710 1780 1940 2304 2416 2437 2591 3104 3781 3792 4234 4310 4341 4416 4558 4847 4907 5117 5505 5509 6074 6153 6303 6748 7367 7545 7615 7669 7807 8005 8267 8794 9027 9169 9478
328 427 550 871 951 1292 2074 2764 2892 3106 3135 3496 3562 3720 3753 3783 3819 4626 4721 4901 5307 5390 5412 5451 5465 6001 6598 6611 6851 7105 7806 7979 8008 8145 8221 8287 8375 8696 9563 9746 9848
329 3 43 77 569 1085 1287 1348 1814 1833 1930 2263 2569 2651 2858 2865 3496 3584 4107 4313 4340 5156 5409 5494 5860 6020 6028 6918 7474 7659 7787 7903 8185 8859 8912 8982 9197
330 164 552 759 993 1130 1348 1505 1533 1534 1750 1752 1868 1900 2095 2735 2892 3032 3184 3303 3588 3882 3926 5710 5797 5895 6020 6040 6134 6153 6986 7289 7602 7883 8131 8221 8451 8632 8856 8889 8904 9181 9576 9586 9991
331 441 1330 1986 2335 2828 3044 3151 3925 3982 5397 5589 5748 5904 5921 6440 6544 6549 6656 6727 7276 7585 7607 7740 8062 8295 8512 8990 9347 9349
332 276 365 528 802 820 1195 1570 2288 2643 3184 3468 3515 3539 3747 3781 4056 4170 4561 4728 5341 5448 5688 5802 5876 6062 6296 6532 6928 8221 8325 8495 8723 8912 9010 9172 9293 9380 9425 9461 9878
333 456 652 719 889 1142 1348 1680 1992 2240 2288 2735 3528 3552 3836 3871 4277 4878 5054 5322 5492 5504 5519 5902 6014 6134 6216 6258 6398 6659 6895 7049 7233 7365 7659 7811 7820 8030 8832 9216 9219 9271
334 79 272 476 719 738 776 784 804 955 1105 1496 1789 2002 2064 2324 2732 2870 3051 3461 3493 3504 4619 4658 5317 5645 6250 6391 6889 7336 7351 8030 8282 8462 8506 8863 9236 9463
335 221 321 372 385 745 937 2158 2265 2294 2817 3553 3936 4035 4539 4624 4958 5111 5451 6014 6137 6267 6482 6652 7321 7834 7851 7955 7968 8234 8373 8387 8582 8864 9003 9205 9219 9551 9709 9829 9887
336 254 726 937 1144 1364 1907 2184 3135 3362 4102 4463 4672 5413 5458 6173 6347 6673 6712 6767 6999 7511 7791 7864 7895 8005 8345 8531 8713 8716 8935 9238 9349 9545 9736 9764
337 780 1934 1988 2307 2342 2635 3184 3830 3863 3877 4532 4808 4870 4901 5661 5742 5767 5772 5834 6020 6029 6053 6698 6962 7087 7285 7291 8185 8508 8776 8948 9198 9565 9990
338 164 311 648 1192 1524 1580 1900 1934 2003 2458 2569 2662 2740 2904 3395 3486 3504 3584 3792 3944 4289 5340 5948 6067 6216 6391 6900 7240 7289 7320 7451 8097 8651 8836 8894 9032 9044 9178 9593 9991
339 376 1798 2059 2102 2184 2333 2340 2412 2474 2546 3023 3095 3393 3652 3801 4168 4869 5728 6618 6774 7055 8104 8396 8522 9354
340 190 244 250 300 1293 1383 1422 1546 1934 2124 2361 2426 2651 2920 3004 3051 3408 3597 3885 4282 4719 4728 5341 5580 5756 5801 5997 6532 6871 7088 7167 7210 7806 8440 8859
341 200 783 1728 1761 3024 3044 3602 3708 4176 4311 4362 5326 5520 5666 5902 6053 6067 6301 6331 6797 6869 6963 7077 7350 7791 8061 8932 8939 9369 9607 9781 9935
342 372 719 820 952 1049 1121 1555 2184 3188 3234 4170 4245 4350 4616 4912 5090 5821 6170 6218 6236 6302 6453 6952 7087 7422 8203 8223 8247 8362 8406 8848 8967
343 79 148 650 804 912 960 1204 1341 1917 1948 2195 2650 2958 3305 4148 4326 4765 5063 5095 5341 5639 5643 5797 5933 5997 6053 6226 6461 6487 6549 6986 7347 7396 7485 7545 7713 7733 7889 8068 8698 8722 8830 9347 9751 9798
344 196 793 866 908 991 1246 1570 1934 2263 2683 2873 2986 3008 3801 3803 3836 3877 4959 5522 5810 6298 6306 6712 7233 7820 8049 8078 9300 9405
345 285 310 1336 1652 1683 1686 2456 3240 4004 4343 5017 5385 5451 5917 6205 6428 6451 7610 7688 8209 8375 8490 8686 8832 9868
346 439 560 790 1177 1193 1566 1796 1918 2698 3757 5300 5622 5738 6492 6986 8046 8293 8761 9164 9815
347 14 90 267 685 937 1050 1066 1381 1425 1948 2036 2114 2615 2682 3468 3781 3792 3827 4241 4350 5028 5277 5288 5543 5572 5580 5849 6115 6360 6454 6604 6967 7024 7379 8005 8205 8531 8932
348 139 267 917 1546 1555 1912 2595 2652 2856 3101 3666 4176 4340 4882 5592 5748 5969 6327 6592 6712 6827 7077 7123 7234 7333 7536 7737 7852 7922 7961 8343 8599 8773 9102 9224 9315 9518 9538 9787
349 116 304 748 1117 1204 1934 2171 2266 2489 2760 2898 3110 3141 3781 3865 4129 4362 4556 5582 5845 6061 6115 6178 7056 7790 7922 8014 8363 8733 8805 9219 9292 9518
350 22 148 267 951 1043 1678 1774 1937 2608 2925 2962 3061 3195 3521 3664 3823 4660 5156 5163 5401 5446 5569 5751 6306 6699 6734 7153 7410 7815 8008 8098 8294 8618 9160 9293 9499 9522 9623 9731
351 136 269 1134 1469 1495 1809 1934 2327 2409 2426 2986 3093 3504 3509 3762 3905 4004 4011 4399 4464 4520 4647 4831 4941 5270 5349 5897 6101 6398 6509 6898 7742 7932 7949 8078 8720 9096 9510 9843 9852 9903 9930
352 450 652 1145 1394 1515 1678 2279 2409 3113 3376 3781 3827 3865 3946 4407 4805 4988 5340 5871 5884 6015 6105 6163 6692 7088 7252 7266 7333 8042 8193 8910 9391 9607 9669 9982
353 113 148 1579 2033 2157 2875 2885 3427 4151 4510 4660 5740 5989 6030 6178 6203 6413 6544 6641 6778 7481 7575 7992 8062 8153 8832 8908 9043 9374
354 340 787 789 863 1042 1101 1405 1579 1722 2085 2485 3543 3682 4078 4304 5060 5219 5979 6285 6923 7088 7216 7575 7615 8081 8156 8157 8172 9265
355 137 199 246 554 1366 1710 1986 2286 2894 3383 3428 3547 3936 3977 4349 4971 5304 5600 5607 6249 6285 6391 6404 6438 6744 7044 7519 7521 7845 7998 8495 8920 9940
356 944 991 1093 1256 1401 1657 1930 2417 2512 2704 2792 3431 3573 3597 3808 4034 5063 5090 5156 6019 6028 6281 6534 6982 7266 7457 7744 8392 8770 9581 9654
357 380 1130 1345 1471 1571 1658 1668 1791 1952 2465 3229 3521 3964 4749 4787 4983 5095 5253 5400 6153 6495 6532 6891 6903 7133 7513 7604 7796 8848 9207 9265 9942
358 164 487 921 979 1299 1383 1495 1749 1986 2266 2382 2401 2426 2713 3032 3303 4350 4354 4660 4886 4959 5053 5099 5446 5615 5762 5798 6336 6718 7105 7180 7511 7542 8102 8168 8235 8688 8766 8896 9071 9533 9933
359 325 780 1710 1907 2589 2633 2697 3089 3163 3313 3316 3584 3586 3783 3823 3830 3856 4352 4602 5099 5239 5322 5580 5674 5899 6049 6089 6100 6144 6327 6334 6415 6416 6424 6671 7409 7949 8375 8599 8848 9598 9692 9816
360 300 575 1351 1560 1615 1623 2137 2147 2452 2594 2679 2699 2943 3230 3989 4071 4326 4886 5429 5821 6223 6376 6445 6509 6920 7049 7204 7413 7782 7820 7949 8085 8245 8622 8812 8848 8932 9043 9463 9654 9848
361 523 1306 1750 1784 2002 2171 2539 3261 4027 4177 4691 4816 4855 4938 5097 5241 5270 5636 5679 5793 5966 6653 6705 6961 7012 7023 7997 8092 8105 8883 8987 9115 9988
362 240 1141 1405 1552 1695 2079 2260 2265 2271 2496 2902 3748 3944 4528 4639 4832 5097 5170 5509 5643 7669 7710 9050 9086 9340 9451 9496 9607 9669
363 420 1265 1354 1934 2583 2704 2792 2992 3165 3376 3665 3727 4350 4352 4529 4786 4948 5224 5384 5636 6137 6362 6423 6940 7425 7439 7443 7770 7864 8004 8089 8418 8495 8507 8671 9129 9139 9777
364 116 311 330 523 638 895 912 979 1153 1206 1307 1345 1496 1739 2349 2565 2568 2876 2898 3651 3936 3937 4224 4787 5651 5661 5748 5816 6465 6584 6734 7040 7087 7123 7206 7210 7336 7545 7599 7732 7788 7802 8753 9007 9635
365 478 541 663 837 851 1721 2262 3050 3207 3532 3830 4095 4176 5515 5921 5997 6030 6364 6651 6672 6895 6938 7329 7487 7747 8106 8702 9480 9990 9997
366 111 358 1554 1774 2408 2414 2699 2847 2907 4372 4546 4886 5292 5784 6054 6270 6528 6622 6883 7413 7659 7929 8078 8183 8217 8223 8308 8758 8773 9332 9837
367 155 771 1301 1680 2240 2414 2704 3117 3672 3870 4170 4199 4561 4704 5333 5355 5677 5785 5898 6035 6762 6800 6914 7012 7267 7296 7992 8157 8252 8832 9219 9270 9354 9751 9780 9871
368 340 719 733 786 2002 2198 2256 2792 2842 4314 4350 4766 4823 4879 4972 5005 5176 5385 6391 6802 6825 7193 7399 8278 8539 8570 9178 9368 9807 9903
369 272 707 930 1101 1454 1780 1868 2569 2894 3073 3106 3395 3720 3753 3832 3923 3958 4007 4365 4385 4548 4610 4709 4797 5335 5389 5471 5656 6285 6771 7085 7820 7909 7992 8531 9544 9615 9807 9852 9892
370 199 267 307 352 523 652 1454 1601 1647 1799 1806 1831 1979 1981 2322 2875 3084 3496 3905 3950 4176 4619 5245 5358 5446 5457 6254 6331 6831 7086 7105 7369 7392 7562 7575 7641 8105 8293 8503 8780 9047 9197 9205 9898
371 72 133 199 475 1340 1736 1898 2437 2909 2951 3012 3256 3783 3821 4108 4774 4815 4893 5064 5286 5451 6141 6608 6677 6861 6937 6945 7285 7732 7831 8069 8212 8269 8406 8612 8676 9083 9206 9646
372 76 172 215 451 732 1147 1150 1503 1529 1685 1711 2146 2192 2513 2745 5219 5288 5630 7118 7369 7513 7575 8197 8462
373 585 858 1256 1510 1622 1624 1963 2264 2426 2480 3705 3766 3784 4063 4107 4324 4340 4596 5349 6731 6744 6834 7050 7302 7606 7952 8599 8949 9138 9290 9357 9449 9621
374 1236 1260 1295 1884 2739 3102 3537 3543 4045 4199 4226 4421 5451 5668 6458 6692 7012 7133 7219 7347 7569 7581 8105 8457 8586 8701 9336
375 75 673 964 971 1491 2100 2182 3074 3087 3120 3251 3379 3537 3726 3865 4060 4170 4256 4313 4314 4514 4660 4699 4845 5218 5341 5547 5981 6021 6051 6250 6369 7038 7335 7657 8176 8512 8582 9004 9461
376 79 647 955 966 979 1242 1647 1800 2404 2406 2873 3016 3080 3236 3432 4437 4517 4844 4923 5112 5277 5546 5898 5909 5925 6178 6216 6528 6652 6744 7078 7285 7549 7861 7902 7921 8008 8498 8728 9070 9139 9565
377 802 823 1145 2340 2583 2773 2978 3103 3159 3226 4045 5019 5389 5400 5437 5609 5615 5794 5899 5946 6178 6337 6502 6550 6768 7053 7356 7439 7550 7699 7706 7779 8218 9370 9649 9908 9979
378 1106 1256 1366 1646 1756 2433 2545 2904 3032 3080 3249 3520 4104 4236 4752 5572 5589 5671 6473 7083 7392 7845 8169 8368 8574 8728 8920 9476 9878
379 164 310 444 475 843 944 979 1389 1396 1769 1807 1822 1868 1971 2784 2970 3232 3286 4043 4269 4450 4824 4866 4945 4974 5292 5677 5880 6464 6771 8078 8122 8445 8998 9023 9470 9669 9789
380 517 712 719 914 1354 1869 2349 2745 2767 3007 3081 3119 3146 3983 4218 4517 4680 5345 5429 5748 6187 6676 7053 7193 7965 8109 8130 8514 8951 9129
381 719 1117 1581 1981 2666 3145 3219 3705 3714 4173 4624 5026 5333 5502 5708 7331 7361 7533 7652 7736 7930 8130 8651 8711 8789 9144 9424 9451 9955
382 3 84 183 866 898 1079 1123 1137 1798 2143 2583 3053 4220 4282 5253 5459 5621 5784 6141 6170 6187 7044 7321 7629 7907 8140 8483 8498 8932 8936 9060 9428 9476 9669
383 255 861 1121 2002 2100 2709 3052 3061 3092 3158 4027 4079 4244 4455 4752 4923 5003 5446 5479 6258 6336 6370 6547 6619 6692 6851 7120 7569 7874 7952 8093 8284 8429 8832 9003 9652 9908
384 61 993 1272 1555 1583 1644 2029 2064 2422 2856 2926 3089 3172 3377 3781 4081 4365 5171 5587 5755 5784 6387 6449 7075 7725 8129 8294 8899 9004 9633
385 1121 1557 1737 2462 2962 3135 3537 4785 4890 4935 5038 5203 5541 6458 6670 6899 6989 7752 8496 8893 9019 9036 9347 9850
386 90 105 207 757 812 867 1058 1242 2411 2790 3119 3416 3981 4333 4752 5902 6647 6899 7060 7391 7545 7694 7950 8762 8768 9114 9337 9732
387 176 211 300 1132 1829 3023 3236 3547 4015 4035 4091 4402 4627 4771 4784 5286 5462 5668 5738 5742 5869 5880 6030 6269 6464 6528 6545 6611 7048 7173 7260 7526 7992 8037 9295 9453 9573 9806 9842 9955
388 75 567 1647 1680 1739 2475 3043 3071 3113 3229 3263 3316 3376 3432 4180 4232 4750 5112 5428 5446 5583 5767 5810 5821 6074 6578 7007 7053 7179 7318 8375 8403 8531 8599 8693 8842 8854
389 151 200 207 558 871 993 1178 1247 1454 2155 2495 2760 3125 3408 4066 4654 4871 5232 5412 6201 6772 6909 7977 8256 8345 9003 9521
390 134 541 616 1383 1560 2194 2260 2407 2651 2737 2871 2986 3144 3343 3767 3792 3806 3857 3865 3905 4311 4717 4916 5045 5193 6021 6584 7029 7266 7732 7864 8008 8105 8469 9181 9238
391 719 1130 1174 1470 1860 2171 2439 2468 3718 4132 4151 4170 4385 4606 4923 6541 6617 6964 6980 7320 7710 7806 8293 8453 8495 8528 8854 8982 9218 9425 9872 9940
392 268 477 732 1343 1524 1785 2058 2615 2867 2870 3115 3121 3377 3758 4660 5639 5643 5780 5902 5909 6359 6400 6447 6486 6496 6547 6997 7095 7180 7210 7221 7325 7570 7834 7952 8130 8406 8599 8683 8874 9032 9377 9436
393 456 1125 2569 2615 2750 2795 3586 3950 4295 4345 4354 4735 4765 5370 5440 6044 6201 6875 6918 6984 7709 7997 8609 8844 8871 9089 9451 9483 9649 9657 9780
394 399 847 925 989 1471 1791 2437 2589 2627 2670 2842 3111 3865 4591 4997 5216 5224 5519 5748 6230 6470 6790 6899 7105 7365 7563 7669 7845 8049 8116 8634 8746 8824 9551 9582 9667
395 188 652 676 915 1039 1125 1560 1708 1741 2037 2198 2444 2666 2693 3521 3683 4079 4203 4314 4346 4437 5351 5771 6296 6324 6347 6400 6401 7629 8135 8259 8307 8533 9114 9192 9313 9374 9947
396 139 367 511 745 985 1647 1657 1934 1941 1956 2421 2673 2979 3144 3547 4349 4691 4832 5986 6198 6680 6693 6734 7050 7280 7765 7788 8487 9003 9265 9384 9621 9633 9807
397 90 135 199 1429 1505 2321 2415 2534 2639 2815 2902 2983 3034 3465 3842 4741 5193 5507 6251 6280 6403 6482 6539 7001 7147 7169 9359 9607 9615 9701
398 476 1552 1581 1774 2407 2692 2807 3047 3050 3700 4027 4404 4717 4735 4855 5020 5615 5713 5815 5912 6428 6482 6768 7210 7367 8706 8726 9259 9535 9593
399 135 901 979 1353 2055 2066 2197 2298 2615 3106 3460 3537 3700 3839 4020 4035 4134 5339 5340 5446 6062 6166 6465 6570 6698 7200 7234 7425 8036 8136 8947 8989 9050 9374 9391 9551 9607 9904
400 1050 1625 2206 2882 3329 3371 3434 3735 3901 3942 4886 5074 5108 5700 5816 6462 7210 7369 8332 9005 9388
401 46 140 443 1400 1799 1889 2389 2711 3036 3102 3106 3590 3665 3718 4415 4602 5386 5467 5557 6269 6281 6530 6827 7153 7267 7335 7775 7789 8209 9865
402 753 1026 1223 1289 1560 2343 2601 2615 2643 2999 3048 3428 3531 3550 3728 3877 4170 4269 4626 5072 5477 6270 6770 7369 7413 7463 7586 7652 7730 8193 8797 8838 9224 9811 9968
403 174 271 504 574 602 1223 1479 2047 2698 2878 3111 3214 3232 3869 3880 4401 5466 5872 6385 6543 8036 8881 9435 9444 9632
404 177 250 527 647 733 981 1123 1242 1328 1425 2156 2865 2910 3285 3673 3789 4210 4414 4679 4886 5445 5566 5758 5957 6417 6538 6727 7477 7513 7719 8307 8614 8702 9075 9159 9309 9467
405 182 867 1050 1757 2666 2677 2960 3050 4647 5002 5286 5572 5643 6000 6211 6280 6334 7288 7561 7699 7708 7749 8251 9023 9216 9299 9478
406 46 300 654 1231 1246 1354 1366 1846 2288 2804 2982 3109 3575 3831 3840 3926 4330 4341 4975 5219 5443 7219 8145 8238 8736 8982 9563
407 379 836 850 1425 1833 1865 2150 2183 2613 2797 2895 3073 3356 3383 3481 3586 4385 5104 5141 5341 5373 5674 6101 6141 6387 6447 6560 6584 6648 7204 7432 7781 8812 9858
408 467 732 965 1081 1546 1750 1838 1937 2057 2649 2677 2858 3172 3541 3557 3720 3858 4367 4988 5180 6049 6141 7026 7191 7459 8307 8342 8748 8812 9330 9495 9607
409 321 482 734 1888 1960 2192 3802 4558 4828 4924 4963 5003 5072 5211 5387 6190 6635 7521 7791 7820 8214 9137 9610 9740 9904
410 206 478 759 1032 1625 1757 2630 3146 3268 3445 3865 4011 4107 4170 4546 4580 4793 4799 6725 6993 7006 7105 7234 8135 8269 8293 8406 9224 9391 9669
411 675 1408 1848 1966 2917 3307 3539 3836 4092 4646 5072 5342 5589 6014 6258 6464 6613 6809 7055 7078 7320 7361 7558 8017 8060 8145 8248 8876 9349 9385 9677 9991
412 123 631 684 991 1058 3238 3717 3864 4572 5188 5295 5690 5838 5989 6251 6544 6631 6765 6945 7072 7677 7919 8505 9013 9153
413 921 1195 1209 1430 1571 2209 3012 3113 3543 3823 4575 5103 5334 5466 5677 5790 6185 6498 6964 7718 8431 8514 9836
414 203 221 541 575 765 1611 2032 2112 2418 2485 2662 3022 3234 3319 3750 5061 5107 5304 5902 6070 6073 6236 8179 8300 8562 8722 9003 9761 9990 9991
415 643 667 804 898 1060 1287 1429 1454 1739 2155 2182 2198 2265 2299 2846 2870 2966 3093 3468 3651 3704 4045 5099 5304 5397 5401 5902 7213 7410 7610 7740 8005 8290 8423 8506 8573 8831 9182 9460 9805 9846
416 259 450 552 554 712 1358 1784 2168 2480 2704 2929 2943 2954 2990 3081 3134 3948 4071 4271 4367 5253 5507 5702 5743 6224 7672 7683 7956 8579 8711 8858 9262 9463
417 46 191 545 719 1641 2426 2781 3106 3547 3653 4095 4252 4501 4624 4901 5064 5977 6526 6829 6909 7138 7299 7379 7989 8396 8460 8468 8711 8716 8722 9751
418 279 639 784 1242 1277 1610 1750 1900 1963 2752 3081 5112 5115 5117 5412 5821 5869 5922 7065 7227 7414 7650 7669 7759 8013 8307 8396
419 115 1071 1168 1454 1574 1822 2232 2292 2583 2698 2768 3144 3630 3723 4210 4604 5099 5721 5767 6348 6499 6963 7068 7519 7683 8058 8666 9185 9555
420 719 991 1084 1246 1710 2128 2673 3147 3242 3961 3991 4308 5322 5348 5649 5964 6015 6324 6362 7153 7198 7849 8997 9040 9261 9355 9720 9843
421 46 108 541 731 871 1293 1476 1601 1668 1979 1986 2109 2169 2182 2643 2910 3243 3684 3982 4234 4286 4923 5951 6075 6198 7038 7551 7553 7675 7786 8043 8111 8293 8478 8528 8798 8841 9381 9904
422 75 767 858 992 1164 1289 1739 2554 2810 4071 4908 5014 5245 5341 5997 6352 6477 6631 7012 7844 8389 8423 8470 8632 9129 9566
423 105 188 408 793 829 866 925 1625 1791 1855 2014 2121 2184 2519 2732 4066 4176 4203 4880 6060 6391 6506 6687 7775 7991 8856 9041 9478 9688 9965
424 56 101 324 476 676 1121 1181 1463 2018 3092 3096 3111 5321 5329 5693 6270 6282 6532 7008 7240 7266 7622 7858 8055 8195 8423 9398
425 69 557 700 930 1149 1248 1615 1715 1979 2052 2112 2190 2555 3509 3775 4176 4340 4481 4950 5061 5090 5122 5239 5340 5662 6196 6320 6785 7153 7509 7627 7706
426 7 238 901 1066 1641 1934 2028 2774 2844 2892 2902 2998 3190 3267 3395 3586 4266 4352 4449 5270 5933 5981 6201 6321 6374 6516 6765 7659 7669 8148 8363 9615
427 673 1121 1148 1380 1452 1455 1892 1920 2183 2718 3304 3380 3515 3633 3841 4658 4840 5099 5248 5339 5448 5457 5547 6737 6738 8062 8701 9443 9598
428 650 1360 1720 2345 2472 2652 2811 2870 3031 4791 4948 4966 5207 5429 6497 6621 6744 6790 7607 8251 8414 8487
429 538 776 1055 1091 1339 1670 1784 1916 2030 2662 3278 3433 3894 3944 4159 4214 4346 4494 4528 5005 5451 6237 6467 6735 6908 6945 7996 8135 8362 9511
430 110 325 443 447 513 730 780 917 1387 1402 1705 2307 2704 3251 3537 4004 4021 4400 4786 5734 6061 6155 6157 6592 6762 6891 7087 7591 8087 8121 8344 8386 8484 8538 9107 9352 9510
431 321 838 842 1411 1829 2505 2651 2892 2986 3144 4282 4362 4855 5247 6014 6044 6502 6545 7349 7474 7861 7864 8343 8470 8591 8711 8723 8859 8891 9101 9205 9303 9484 9505 9654 9896
432 131 208 352 707 782 1250 2201 3566 3586 3981 4010 4644 5523 5580 5724 6401 7621 7932 8193 8351 8408 8419 9051
433 374 663 678 1134 1731 1752 1934 2019 2184 3304 3895 4350 4596 4760 4834 4843 4941 5098 5277 5322 5400 5440 5692 5744 6899 7447 7481 7756 7806 8221 8794 8920 9086 9259 9409 9609 9678 9961
434 139 467 1253 1826 1986 2161 2186 2344 2817 3102 3316 3513 3653 3789 5063 5097 5341 5732 5810 5942 5997 6331 6360 6391 6486 7087 7142 7355 7447 7481 7486 8131 8327 8599 8756 9056 9238
435 246 443 454 1134 1772 1794 1920 1984 2031 2426 2456 2929 3012 3254 3959 4066 4176 4223 4341 4847 5218 6385 6460 6623 6945 7078 7455 7948 8193 9129
436 483 989 1505 1580 2252 2322 2910 3119 3305 3356 4136 4299 4501 4787 4948 4960 5742 5752 6296 6414 6921 7742 8764 8856
437 560 574 742 971 1141 1145 1524 1606 1963 2308 3914 4107 4216 4367 4886 4938 5253 5309 5946 6251 6625 6920 6938 7101 7481 7611 7659 8193 8461 8593 8663 8830 9139 9230 9241 9273 9461 9607 9920
438 116 247 352 745 955 1125 1204 1601 1962 2109 2890 3022 3111 3376 3923 4086 4102 4463 4569 4717 4787 5219 5408 5416 5810 5821 6143 6385 6401 6484 6611 6849 6938 7708 7787 7904 8780 8853
439 332 1059 1134 1328 2191 2302 2603 2799 3072 3456 3468 3651 3827 4126 4375 5643 5656 5929 6360 6467 7261 7630 7997 8176 8535 8726 9335 9347 9533 9640
440 221 726 822 843 883 1121 1339 1368 2096 2233 2544 3004 3631 4296 4341 4739 5413 5962 7001 8045 8131 8491 8512 8748 9097 9323 9580 9816
441 30 328 931 1050 1101 1134 1330 1353 1501 1668 2190 2422 2662 3056 3144 3823 4870 4884 5030 5099 5862 6652 6895 6934 7136 7693 8582 8615 9135 9829
442 26 46 199 400 477 847 955 1391 1669 2383 2437 2491 2858 3106 3234 3528 3657 3743 4407 4437 5099 5216 5407 5462 5771 6888 7200 7314 7537 8887 9141 9842 9911 9991
443 131 390 997 1049 1145 1512 2057 2499 2783 2792 2857 3383 3539 3586 3603 5287 5341 5654 5762 6063 6603 7024 7191 8130 8170 8498 8685 8931 8932 9260 9301
444 188 321 830 921 1139 1175 1572 2175 2342 2599 2708 2806 3547 4432 4633 4792 5316 6311 6321 6404 6412 7699 7912 8267 8683 8894 9848
445 164 183 703 1125 1140 1498 1680 2344 2544 2603 2673 3081 4140 4314 4865 4967 6102 6141 6213 6257 6305 6470 6652 7457 7482 7732 8060 8235 8503 8733 8841 9713 9775
446 110 139 400 719 843 1565 1997 2376 2583 2662 2962 3025 3338 3935 4077 4176 4253 4317 4531 4780 5072 5593 5605 5777 7221 7500 7683 7732 8878 9862
447 210 952 1164 1405 1580 1869 2288 2322 2438 2555 2721 3081 3510 3538 3998 4486 5441 6057 6148 7156 7210 7659 7769 8169 8365 9453 9749 9994
448 159 496 538 684 842 1050 1180 1195 1204 2320 2327 2537 2600 3249 3405 4079 4358 4573 4890 5141 5504 5884 5887 6662 6706 6945 7933 8014 8908
449 30 560 925 1301 1476 1570 1934 2158 2617 2828 3232 3276 3379 3380 4493 5922 6101 6404 6492 6538 6722 6827 6962 7170 7542 7837 7885 8375 8738 9619 9802
450 726 756 1121 1353 1505 1817 2034 2155 2739 3013 3371 3479 3781 4513 5645 5898 6161 6191 6271 6587 7841 8068 8636 9197 9245 9965
451 132 545 708 857 1050 1590 1934 2413 2615 2643 2790 2904 3023 3074 3560 4004 4060 4310 4912 5349 5458 5885 6073 6459 6584 6677 6727 7093 7200 7285 7472 7759 7773 7969 8605 8712 9219
452 111 168 847 921 1261 1348 1387 1504 1534 1731 1800 1845 2865 2897 3305 3700 3729 3783 3895 4399 4501 5129 5390 5446 5764 6054 6458 7248 7656 8307 8932 9374
453 169 608 1315 1973 2100 2220 3607 3610 3720 4071 5065 5111 5259 5448 5748 5826 5880 6020 6178 6698 7193 7355 7820 8841 9230 9311 9411 9986
454 285 507 513 752 960 985 1354 1439 1866 2540 2615 2732 3164 3476 3580 4308 5006 5412 5474 6367 6986 7979 8390 8652 9199 9594 9677 9842
455 6 254 427 457 465 865 1117 1319 1401 1851 2028 2260 2407 2644 2790 2892 2979 3172 3830 3869 3883 4034 4045 4407 4855 4890 4948 5219 5304 5390 5413 5504 5772 5884 6195 6324 7001 7296 7457 7568 7744 8470 8598 8729 8816 9013 9120 9215
456 469 910 1182 1289 1834 2392 2679 3135 3292 3817 4055 4337 5635 6061 6459 6812 6817 7108 8110 8251 8934 9042 9261 9583
457 238 574 650 701 933 1125 1260 1414 1571 1916 1934 2355 2409 2569 2685 2773 3113 3154 3561 3732 3792 3841 3877 4286 4354 4526 4967 5097 5200 5386 5442 6327 6460 6537 6608 6681 6692 6849 6881 7820 8185 8248 8387 8618 8651 8830 9075 9086 9615
458 385 1407 1878 2234 3064 3081 4352 4429 4526 4893 4909 5201 5367 5520 5621 5719 6418 6625 6827 7026 7680 8361 8792 9191 9347 9689
459 148 336 447 503 552 953 1026 1464 1571 1580 2028 2424 2615 2791 2896 3520 3547 3653 3783 4056 4314 4684 5259 5696 5726 5913 6967 7133 7210 7698 8121 8151 8473 8907 9007 9903
460 232 1149 1449 1761 1852 2803 3386 3935 4063 4191 4340 4624 5466 5605 5607 6551 6716 8125 8406 8447 8480 8680 9125 9205 9800 9918
461 606 640 780 1112 1562 1858 2437 2480 2615 3012 3241 3354 3432 3504 4281 4442 4526 4677 4699 5030 5064 5177 5254 5895 6305 6436 6537 6961 7490 7971 8062 8150 8167 8176 8331 8523 8756 8973
462 475 1741 2685 2712 3128 3147 3268 3285 3414 3509 3537 3958 4002 4036 4564 4679 4948 5006 5445 5848 5950 6374 6415 6743 7105 7759 8054 8304 8681 8858 9279 9442 9688 9703
463 1080 1137 1358 1731 1873 2583 2739 2773 2894 3320 3509 3641 4252 4359 4705 5038 5111 5580 5678 5817 6030 6385 6859 7012 7028 7029 7683 7800 8150 8756 9659 9908
464 145 257 538 691 708 867 946 951 1160 1290 2060 2320 2577 3164 3354 3584 4021 4093 4107 4616 5412 5676 5748 5752 5788 5890 6244 6391 6437 7087 7213 7688 8074 8716 9259 9301 9444 9709 9838 9979
465 128 559 674 1564 1835 1963 2260 2685 3103 3135 3678 3801 3845 5748 5909 6616 6666 6772 7720 8212 8450 8644 8931 8936 9161 9197 9270 9290 9548
466 139 312 760 935 1134 1442 1566 1987 2013 2158 2345 2615 2857 3064 3232 3842 5442 5532 5643 5687 5748 5780 6100 6338 7392 7713 8314 8742 9970
467 1289 2345 3012 3184 3349 3518 3827 4129 4491 5099 5748 5752 6192 6323 6457 6899 7087 7597 7754 7862 8251 9325 9487 9627 9655
468 206 208 220 718 867 935 1273 1426 1465 1571 1647 1675 2150 2666 3077 3079 3236 3285 3772 3853 3916 4497 5740 5748 5821 6174 6539 6842 6880 7026 7108 7788 7902 8498 8554 8630 9199 9311
469 583 730 1016 1140 1314 1430 1774 2005 2114 2327 2537 3236 3326 3391 3537 3681 3753 3914 4068 4107 4156 4188 4314 4567 4664 5097 5387 5520 5580 5628 6025 6736 7199 7240 7285 7367 7629 8470 8890
470 7 90 517 601 991 1962 2165 2732 2958 3146 3541 3839 3989 4011 4015 4034 4254 4639 5097 5607 5643 5660 5904 5953 6261 6305 6595 6938 6945 7048 7481 7486 7930 8058 8856 9133 9224
471 264 798 1581 1728 1868 2121 2559 2704 2870 2994 3077 3434 4400 4450 4487 4647 4786 4959 5397 5583 5609 5656 5887 5961 5993 6001 6196 6537 6842 7138 7415 7630 8142 8320 8455 8880 9043 9197 9199 9569 9713
472 492 524 1185 1428 1619 1791 1939 2103 2345 2403 2449 2873 3064 3379 4148 4385 4649 4984 5434 5748 5861 5887 5992 6374 7423 7902 9160 9218
473 329 935 1625 1697 1728 1749 2114 2382 2483 2615 2698 2898 3079 3153 3374 3944 4027 4065 4379 4728 4970 4995 5412 5520 5566 5941 6197 6254 7285 7467 7806 8580 9432 9637
474 295 321 557 610 1009 1710 1874 1953 2095 2327 2583 3008 3106 3163 3491 4294 4326 4686 5584 5698 6028 6030 6153 6347 6744 7615 7659 7979 8724 8794 9075 9163 9368 9369 9450 9461
475 25 309 474 838 1496 1542 1638 2810 3232 3474 3726 4361 4365 4591 4780 4909 5090 5156 5333 5910 5961 6269 6404 6451 6495 6635 6778 7517 8171 8522 8549 8756 9689 9931 9936
476 220 719 1064 1585 1763 2422 2613 2842 3022 3032 3088 3164 3541 4192 4695 5108 5135 5386 5788 5904 6538 6802 6827 6920 6942 7751 8116 8803 8874 8910 9605 9876
477 3 1668 2123 2136 2437 3219 3446 4539 4720 4799 5063 5637 5946 6460 6466 7349 7634 8512 8538 8580 8710 8747 8922 8925 9239 9777 9852 9884
478 75 297 600 713 730 1181 2222 3706 3859 4680 4749 4923 5099 5797 5902 6024 6115 6125 6201 6550 7664 7820 8105 8711 8990 9096 9120 9510
479 30 238 948 991 1451 1491 1717 1721 1934 2003 2781 3326 3745 4557 4962 5219 5466 5503 5946 6780 7000 7280 7426 7713 8414 8599 8658 8795 8848 8907
480 252 511 1145 1710 1752 1774 2288 2518 2550 3515 3567 3665 3752 4350 4399 4548 5448 5652 5762 5821 5865 6391 7142 7266 7545 7641 7647 7694 7732 7752 8499 8566 8743 9522 9545 9652 9704 9809
481 719 976 1831 2559 2615 2794 2902 3700 3823 4399 4411 4494 4834 5030 5389 5446 5661 5818 5875 6073 6336 6385 6613 6863 7018 7439 7545 7641 7771 8062 8257 8914 8977 9244 9404 9757 9989
482 574 751 780 1226 1593 1607 2344 2411 2904 3047 3103 3240 3789 3916 4731 5111 5254 5583 6292 6413 6453 6853 6921 7162 7203 8044 8089 8556 8722 8920 9005 9015 9713 9834 9964
483 454 896 1429 1449 2685 2752 2961 3504 3755 4203 4222 4420 4561 5468 5548 5893 5898 5917 6053 6059 6105 6113 7276 7688 7699 7751 8008 8028 8062 8234 8715 9259 9898
484 1017 1552 1638 2203 2298 2342 2429 2605 2790 3870 4347 4771 5546 5559 5688 5997 6028 6351 6502 7560 8183 8686 9003 9323 9349 9545 9713
485 199 238 270 374 640 904 992 1481 1628 1859 1934 2123 2176 2413 2569 2728 3081 3167 3493 3547 4091 4219 5604 5857 6099 6100 6537 6696 6817 8690 9230 9248 9757
486 137 200 425 441 1020 1025 1369 2209 2542 2867 3178 3545 3715 3926 4069 4319 4365 4442 4541 4664 4786 4909 5685 6184 6406 6482 6671 6765 7733 8756 9886
487 199 446 583 671 707 1405 1454 2409 2773 3377 3507 3612 3666 3745 3961 4345 4437 4501 4612 5155 5451 5536 5800 5925 6250 6509 6627 7337 7593 7709 8307 8793 9416
488 188 374 1299 1317 1628 2327 2366 2668 2774 2892 3249 3290 3506 3642 3990 4616 4739 4828 5111 5454 6305 6416 6650 6676 6953 7027 7485 7709 7811 7842 8267 8491 8495 8832 9008 9178 9219
489 399 1234 1444 1489 2735 3386 3714 3827 3865 4462 4726 4760 4843 5341 5387 6014 6134 6460 6472 6523 6630 6937 7088 7237 8406 9395 9414 9970
490 151 438 528 753 951 1227 2412 2413 2679 3160 3557 3607 3781 3813 3823 4035 4529 4648 5294 5607 6610 6675 6827 7115 7392 7630 7725 7745 7753 8254 8716 9521 9600
491 183 569 782 951 1150 1358 1414 1495 1638 1665 1694 1719 1984 2211 2344 2569 3146 3316 3463 4086 4684 5504 6075 6388 6962 7289 7553 7888 8320 8570 8699 8794 8832 8844 8922 9604 9831
492 104 1045 1050 1164 2007 2190 2857 2906 3007 3309 3320 3363 3747 4070 4679 4720 5230 5543 5748 5895 6588 6772 6925 7575 8552 8812 9338 9462 9775
493 151 412 765 776 822 1290 1739 2422 3541 3865 3894 4091 4151 4232 4589 6507 7105 7123 7679 7912 7987 8212 8506 8604 8794 8838 9096 9529 9598 9720 9721
494 108 259 389 493 868 1867 2052 2070 2128 2139 2537 2583 2771 2837 3190 3894 4765 5005 5457 5909 5964 6049 6101 6186 6254 6625 6635 6744 6843 6980 7085 7821 8484 8776 8910 9187 9640 9930
495 259 545 1256 1972 2458 2533 3394 3679 3982 4497 5772 5896 5905 6260 6261 6414 6479 6681 6789 6867 7278 7948 8111 8488 8844 8932
496 1079 1167 1277 1369 1449 1668 1898 1905 2206 2412 2857 3043 3093 4027 4314 4341 4619 4909 5183 5248 5301 5350 5933 6153 6330 6409 6538 6672 6676 7055 7736 7780 7984 8487 8722 8907 9440 9822 9988
497 28 155 301 457 638 725 1389 2325 2349 2518 2856 3103 3173 4236 4367 4669 4986 5224 5446 5775 5964 6201 7285 7307 7820 8723 9200 9731 9806 9990
498 183 267 329 761 798 865 1085 1246 1560 1731 1934 2097 2413 2551 3043 3069 3072 3160 3584 4087 4170 4314 4462 4780 4970 4985 5322 5338 6022 6437 6702 7291 7314 7519 8235 8663 8920 9659
499 182 252 687 838 1252 1496 1670 1762 1852 2198 2340 2857 2904 3792 4242 4249 4531 5014 5477 5483 5604 5639 5901 6048 6176 6354 6611 6838 6960 7001 7054 7087 7481 7713 7736 7762 8084 8431 8601 9043 9341 9347 9692 9852
