100
0 0 1 2 3 4 5 6 7 8 9 10 11 12 13 14 15 16 18 19 20 21 22 23 24 26 27 28 29 33 37 41 57 58 62 63 65 69 70 72 74 78 82 84 120 121 126 135 138 139 148 155 166 176 184 193 249 252 329 442 554 708 869 1384
1 0 1 2 3 4 5 6 7 8 9 11 13 14 15 16 19 20 21 23 27 28 29 30 31 32 33 35 37 38 42 44 45 50 56 57 58 63 65 69 72 78 102 107 120 121 126 131 135 138 139 145 164 176 193 197 199 249 253 290 355 404 442 583 869 968 1290 1384 1572 1958
2 0 1 2 3 4 5 6 7 8 9 11 12 13 14 15 16 19 20 21 22 23 24 27 28 29 37 39 51 53 57 63 65 69 72 79 88 110 117 119 120 131 138 139 155 161 164 166 176 197 199 224 243 280 285 290 303 309 355 371 404 442 482 485 549 554 583 621 655 751 867 869 968 1122 1184 1384 1495 1502 1591 1737 3774 5276
3 0 1 2 3 4 5 6 7 8 9 10 11 12 13 14 15 16 17 18 19 20 21 22 23 24 26 27 28 30 34 35 37 38 44 55 57 63 69 72 74 84 114 120 121 126 131 138 139 148 155 158 166 176 184 199 224 290 316 404 554 583 1671 6656
4 0 1 2 3 4 5 6 7 8 9 10 11 12 13 14 15 16 17 18 19 20 21 22 23 24 27 28 32 35 36 37 41 44 54 55 56 57 62 63 65 69 72 74 78 107 120 126 135 138 139 155 158 197 224 252 404 859 1310 1482 1502 3975
5 0 1 2 3 4 5 6 7 8 9 11 13 14 15 17 19 21 22 23 27 28 30 32 33 35 37 38 39 44 45 48 55 57 58 63 65 69 72 74 79 83 110 114 120 121 126 131 138 139 155 166 176 199 229 243 253 280 299 355 356 404 468 583 621 708 709 797 859 869 968 1122 1173 1184 1263 1310 1334 1495 3110 3849
6 0 1 2 3 4 5 6 7 8 9 11 14 15 16 19 20 21 22 23 25 27 28 34 37 42 47 51 55 56 63 65 69 70 72 74 79 102 103 107 114 120 126 131 138 139 152 155 158 164 176 184 187 197 199 211 224 252 268 285 299 303 309 316 329 355 356 371 372 389 404 410 426 468 554 583 731 867 869 948 1173 1310 1482 2371 3110 3198 3244 7624
7 0 1 2 3 4 5 6 7 8 9 10 11 13 14 15 17 18 19 20 22 26 27 28 30 34 37 38 41 50 56 58 60 61 63 65 69 72 74 82 112 114 117 120 121 126 135 138 152 155 164 176 193 199 243 249 252 268 290 303 329 355 356 410 468 482 485 549 583 621 709 725 751 797 968 1173 1315 1384 3106 3110 5526
8 0 1 2 3 4 5 6 7 8 9 10 11 12 13 14 15 16 17 18 19 20 21 23 25 27 28 30 31 32 35 37 44 45 55 57 61 62 63 69 72 82 102 107 114 117 120 121 131 139 145 155 184 197 199 303 355 468 709 867 869 1290 3198
9 0 1 2 3 4 5 6 7 8 9 11 12 13 14 15 16 17 18 19 20 21 22 23 25 26 27 28 30 34 37 42 54 61 62 63 65 69 70 72 74 82 102 107 114 120 121 126 138 139 148 152 155 176 193 197 199 224 229 236 252 253 309 316 329 355 404 468 554 725 859 869 900 968 3110 6729
10 0 1 2 3 4 5 6 7 8 9 10 11 12 13 14 15 18 19 21 23 24 25 26 27 28 35 37 41 44 45 55 57 62 63 69 72 74 84 88 96 102 107 117 120 126 138 139 148 155 161 164 166 176 184 197 199 224 229 236 243 290 303 309 355 356 410 468 482 549 554 583 621 708 859 869 1737 2371 2848 3244 5381 5926
11 0 1 2 3 4 5 6 7 8 9 11 12 14 15 16 19 20 21 22 23 24 25 27 28 29 30 31 32 35 36 37 44 57 63 69 74 88 96 102 107 120 121 126 138 155 157 158 161 164 166 176 184 193 197 199 229 236 252 280 290 303 356 404 442 482 549 554 621 708 709 859 873 1122 1334 1384 1495 1671 1954 1958 2060 3684 3849 5381
12 0 1 2 3 4 5 6 7 8 9 11 12 13 14 15 16 17 19 20 21 22 23 24 27 28 30 34 37 45 52 54 57 58 63 65 69 70 72 73 74 78 97 107 114 120 121 126 131 138 139 148 152 155 158 164 176 184 193 199 224 229 236 252 253 303 316 355 356 404 410 468 482 554 583 621 686 708 867 869 968 1184 1263 1310 1502 2076 3110 5526
13 0 1 2 3 4 5 6 7 8 9 10 11 12 13 14 15 16 17 18 19 20 21 22 23 24 25 27 28 29 30 35 37 38 41 56 57 58 62 63 65 69 72 74 78 102 114 120 126 138 139 166 176 184 197 199 316 355 1482 5482 7242
14 0 1 2 3 4 5 6 7 8 9 10 11 12 13 14 15 16 17 18 19 20 22 23 24 26 27 28 29 31 37 42 44 57 60 61 62 63 65 69 70 72 114 120 126 135 138 148 155 164 166 176 184 197 199 621 708 709 1315 1384
15 0 1 2 3 4 5 6 7 8 9 11 13 14 15 18 19 20 21 23 24 27 28 30 31 32 34 35 37 44 46 50 55 57 60 63 65 69 73 74 103 114 120 121 126 138 139 155 166 184 193 199 229 253 299 303 371 468 482 549 554 686 708 731 797 869 977 1122 1173 1290 1384 1495 2818 3110 3198 3244 3774 4841
16 0 1 2 3 4 5 6 7 8 9 10 11 12 13 14 15 16 17 18 19 20 21 22 23 24 26 27 28 30 35 37 38 41 44 45 55 57 58 62 63 65 74 107 114 120 121 126 131 135 139 148 155 164 166 176 199 236 252 303 355 356 468 621 968 1315 5526
17 0 1 2 3 4 5 6 7 8 9 10 11 12 13 14 15 16 17 18 19 20 21 22 23 26 27 28 29 30 35 37 38 41 44 57 61 63 65 69 72 74 78 102 107 114 121 126 135 138 139 145 152 158 164 176 184 193 197 199 252 329 355 356 468 549 583 797 869 968 2614 5381 6049
18 0 1 2 3 4 5 6 7 8 9 10 11 12 13 14 15 16 17 18 19 20 21 22 23 24 27 28 30 35 36 37 38 41 44 45 54 57 58 61 63 65 69 72 78 82 107 120 121 126 138 139 148 166 176 184 193 199 252 356 554 583 708 1334 2371 4102 7984
19 0 1 2 3 4 5 6 7 8 9 11 12 13 14 15 16 19 20 21 24 26 27 28 31 36 37 41 48 55 57 58 60 63 69 74 83 96 112 117 119 120 121 126 135 138 145 152 155 161 166 176 184 193 197 224 229 268 280 316 410 442 468 583 708 859 900 1184 1384 1572 1737 3244
20 0 1 2 3 4 5 6 7 8 9 10 11 12 13 14 15 16 17 18 19 20 21 22 23 24 26 27 28 30 32 37 38 44 54 55 57 62 63 65 69 72 74 78 82 114 120 121 126 138 139 148 152 166 176 184 193 199 252 468 482 583 797 859 900 968 1290 2153 2591 5526
21 0 1 2 3 4 5 6 7 8 9 10 11 13 14 15 17 19 20 21 22 23 26 27 28 29 31 37 40 45 52 55 57 58 62 63 65 69 72 78 83 102 112 117 120 121 126 138 139 145 148 158 166 176 197 199 224 236 243 268 316 355 404 410 554 583 621 859 867 869 977 1089 1263 1482 2264 2848 3110 3849
22 0 1 2 3 4 5 6 7 8 9 10 11 14 15 19 20 21 22 23 27 28 29 35 37 40 42 48 50 53 55 60 63 69 97 119 120 121 126 138 139 145 146 148 155 157 166 176 187 197 199 229 249 280 285 290 316 356 404 410 468 482 554 583 655 708 709 725 867 869 977 1122 1173 1290 1310 1591 1737 1954 2371 2402 3849 7624 9517
23 0 1 2 3 4 5 6 7 8 9 11 12 13 14 15 16 18 19 20 21 23 24 27 28 30 33 37 38 44 45 48 51 63 69 72 73 74 88 96 110 114 120 126 131 135 138 145 148 155 158 164 166 176 184 197 199 224 249 280 356 442 468 554 583 621 708 869 968 1334 2060 2371 3244
24 0 1 2 3 4 5 6 7 8 9 10 11 14 15 16 17 19 20 21 23 25 26 27 28 29 37 41 54 55 56 57 58 61 63 65 69 72 84 97 107 110 114 119 120 121 126 138 139 152 155 157 164 166 187 193 197 199 224 243 268 280 303 329 404 482 549 554 583 621 708 859 867 900 1173 1334 1502 1671 2060 3684 6698
25 0 1 2 3 4 5 6 7 8 9 10 11 12 13 14 15 16 17 18 19 20 21 22 23 24 26 27 28 30 35 37 38 41 44 45 55 57 62 63 65 69 72 74 78 102 107 114 120 131 138 139 148 155 164 166 176 199 236 252 468 485 583 1184 1482 1888
26 0 1 2 3 4 5 6 7 8 9 10 11 13 14 15 16 17 18 19 20 21 22 27 28 29 31 32 35 37 38 42 44 52 58 62 63 65 69 72 96 97 107 120 121 126 138 139 155 166 176 193 197 199 224 229 249 253 303 316 355 404 468 485 554 583 725 859 867 900 968 977 1077 1954 1958 2591 3110 3975 5381 5959
27 0 1 2 3 4 5 6 7 8 9 11 13 14 15 19 20 21 22 23 26 27 28 30 32 34 35 37 38 44 51 60 61 62 63 65 69 72 84 88 96 97 107 114 117 120 121 126 131 138 139 155 161 166 176 193 199 229 252 268 280 290 303 329 355 371 410 468 482 485 549 708 709 859 867 1122 1173 1310 1384 1495 1572 1671 2060 3097 3684
28 0 1 2 3 4 5 6 7 8 9 10 11 12 13 14 15 16 17 18 19 20 21 22 23 24 26 27 28 30 36 37 38 41 54 56 57 62 63 65 69 72 74 84 102 120 126 138 139 155 158 166 184 193 197 199 236 243 355 468 549 554 621 708 900 968 1263 2076 2486 5526 9517
29 0 1 2 3 4 5 6 7 8 9 10 11 12 13 14 15 16 17 18 19 20 21 22 23 25 27 28 29 34 37 61 63 65 69 72 78 83 88 102 103 114 117 120 121 126 135 138 145 148 155 158 166 176 184 193 197 199 253 356 404 410 468 554 621 709 869 977 1384 2153
30 0 1 2 3 4 5 6 7 8 9 10 11 14 15 18 19 20 21 23 27 28 29 34 35 37 38 47 52 57 58 61 63 65 69 72 74 82 83 84 96 102 103 107 114 120 121 126 131 135 138 139 145 155 166 176 184 193 199 252 253 268 280 290 303 309 316 404 410 468 583 621 686 708 869 948 1173 1310 1583 5526
31 0 1 2 3 4 5 6 7 8 9 11 14 15 17 19 21 22 23 27 28 30 32 33 35 37 38 39 42 46 47 52 55 57 63 69 72 74 88 107 114 120 121 126 138 139 155 166 176 184 187 199 224 229 236 249 252 285 290 303 355 404 442 468 583 621 655 686 867 869 900 1122 1173 1310 2371 2402 2486 3097
32 0 1 2 3 4 5 6 7 8 9 10 11 12 13 14 15 16 17 18 19 20 21 22 23 26 27 28 30 37 38 42 45 54 55 57 58 63 69 72 82 102 107 110 114 120 121 126 138 139 152 155 158 164 166 176 184 193 199 236 243 355 356 442 468 554 583 859 869 900 1334 1572 1583 2486 3110 5921
33 0 1 2 3 4 5 6 7 8 9 10 11 12 13 14 15 16 17 19 20 21 22 23 24 26 27 28 30 31 32 35 36 37 38 56 57 60 62 63 69 72 114 120 121 126 138 148 158 176 184 197 199 554 708 709 900 1384 1572 1954 2848 3097 3198
34 0 1 2 3 4 5 6 7 8 9 11 12 13 14 15 16 17 18 19 20 21 22 23 27 28 30 36 37 42 44 55 56 57 61 62 63 69 70 72 74 78 97 107 110 112 120 126 131 135 138 139 145 148 155 158 161 176 184 193 197 229 236 252 290 303 329 356 404 482 554 621 708 900 1077 1173 1482 1583 1737 2955 3097 6604
35 0 1 2 3 4 5 6 7 8 9 10 11 12 13 14 15 16 17 18 19 20 21 22 23 24 25 26 27 28 35 37 38 41 44 45 56 57 58 62 63 65 69 72 74 78 102 120 121 138 148 184 482 686 8450
36 0 1 2 3 4 5 6 7 8 9 10 11 12 13 14 15 16 17 18 19 20 21 22 23 27 28 30 32 37 38 44 45 54 55 56 57 58 62 63 65 69 72 74 82 102 114 117 120 126 138 139 148 152 166 176 184 193 199 229 252 329 356 549 725 859 1290 2591 3110
37 0 1 2 3 4 5 6 7 8 9 10 11 12 13 14 15 16 17 18 19 20 21 22 23 24 27 28 29 37 38 55 57 58 62 63 65 69 70 72 74 83 103 117 120 121 126 135 138 139 145 148 155 164 166 176 193 199 224 229 236 280 290 303 355 356 404 468 583 621 859 869 900 968 977 1089 1263 1482 1737 2513 3097
38 0 1 2 3 4 5 6 7 8 9 10 11 12 13 14 15 16 17 18 19 20 21 22 23 26 27 28 30 34 35 37 38 44 45 55 57 62 63 65 69 72 74 78 84 102 120 121 126 131 138 139 155 158 166 176 199 224 316 583 2371
39 0 1 2 3 4 5 6 7 8 9 10 11 12 13 14 15 16 17 18 19 20 21 22 23 24 27 28 29 30 35 37 38 41 44 45 54 57 58 62 63 65 69 78 82 107 120 121 126 138 139 145 148 155 176 184 193 199 229 303 356 468 554 583 867 968 1671 5381 5921
40 0 1 2 3 4 5 6 7 8 9 10 11 12 13 14 15 16 17 18 19 20 21 22 24 27 28 32 35 37 41 55 56 57 58 63 65 69 70 72 74 84 102 103 107 114 120 121 126 131 138 148 152 155 164 166 176 184 197 199 224 229 252 253 356 404 468 549 554 621 859 869 977 1310 1482 1502 2818
41 0 1 2 3 4 5 6 7 8 9 10 11 12 13 14 15 16 17 18 19 20 21 22 23 24 27 28 30 32 36 37 41 55 56 57 61 63 65 69 70 72 74 102 107 114 120 126 131 138 139 148 155 166 176 184 193 197 199 229 252 404 468 482 583 900 1173 1572 3198 5661
42 0 1 2 3 4 5 6 7 8 9 10 11 12 13 14 15 16 17 19 21 22 23 24 25 27 28 31 36 37 54 55 56 57 63 69 70 72 74 84 102 103 107 114 120 121 126 138 148 152 155 158 176 184 193 197 199 229 236 253 329 708 968 1384 1954 2076 3097 3198 9517
43 0 1 2 3 4 5 6 7 8 9 11 13 14 15 16 18 19 20 21 26 27 28 29 32 33 34 35 36 37 42 44 45 56 57 60 62 63 69 72 78 107 120 121 126 135 138 139 148 155 164 166 176 193 197 199 252 356 404 549 583 968 1572 1958 2060 5381
44 0 1 2 3 4 5 6 7 8 9 10 11 12 13 14 15 17 18 19 20 21 23 24 27 28 33 35 37 42 44 52 57 58 61 63 69 72 74 82 84 103 114 120 121 126 131 138 139 155 161 166 176 184 199 224 229 253 268 303 355 356 410 468 485 583 686 708 869 1173 1290 1310 1954 3849
45 0 1 2 3 4 5 6 7 8 9 11 13 14 15 16 17 18 19 20 21 22 24 27 28 33 35 36 37 40 57 58 63 69 72 83 86 88 96 102 107 112 119 120 126 138 139 148 152 155 157 166 176 184 197 199 224 249 252 280 285 303 329 356 468 482 583 686 708 859 867 900 1173 1310 1384 1482 1495 1502 1714 1958 2818 3849 7055
46 0 1 2 3 4 5 6 7 8 9 10 11 12 13 14 15 16 17 18 19 21 23 24 26 27 28 30 32 35 37 41 45 52 56 62 63 65 69 72 82 114 117 120 121 126 135 138 139 155 158 161 176 184 193 197 199 252 253 356 410 468 482 583 708 968 1334 1671 2371 2818 3684
47 0 1 2 3 4 5 6 7 8 9 11 12 13 14 15 16 19 20 21 22 23 27 28 32 34 35 37 41 42 51 56 62 63 69 72 73 74 88 96 97 103 114 120 121 138 148 155 161 164 184 193 197 199 236 253 268 280 303 309 355 371 404 468 485 583 867 869 1184 1310 1434 1482 1495 1502 2264 3106 3975
48 0 1 2 3 4 5 6 7 8 9 10 11 12 13 14 15 16 17 18 19 20 21 22 23 26 27 28 29 36 37 38 41 44 54 57 60 61 62 63 65 69 72 107 120 121 126 138 139 145 155 166 176 197 199 229 356 410 442 468 485 549 554 583 621 900 968 1572 2060 2955 3684
49 0 1 2 3 4 5 6 7 8 9 10 11 12 13 14 15 16 17 18 19 20 21 22 23 24 25 26 27 28 30 31 35 37 44 56 62 65 69 74 78 117 120 126 131 135 138 152 155 166 176 199 252 309 329 356 482 583 708 1334 1482 3097 3684
50 0 1 2 3 4 5 6 7 8 9 10 11 13 14 15 16 19 20 21 23 26 27 28 29 32 37 47 52 57 61 62 63 65 69 72 78 97 103 107 114 119 120 126 131 138 139 145 155 157 158 161 166 176 187 193 197 199 224 229 249 356 372 404 410 442 468 485 583 751 859 867 900 1122 1173 1184 1310 1482 1671 1737 2076 2780 3097 3244 3684
51 0 1 2 3 4 5 6 7 8 9 10 11 12 13 14 15 16 17 18 19 20 21 22 23 24 25 26 27 28 29 30 35 37 38 41 44 56 58 63 72 74 102 121 138 155 280 329 468 2818 9365
52 0 1 2 3 4 5 6 7 8 9 10 11 12 13 14 15 16 17 18 19 20 21 22 23 24 25 26 27 28 30 35 37 41 44 45 55 56 57 62 63 65 72 74 120 126 131 138 139 197 252 253 303 355 485 708 1310 1482 3849
53 0 1 2 3 4 5 6 7 8 9 11 12 13 14 15 16 19 20 21 22 26 27 28 29 32 35 36 37 41 44 54 57 60 61 62 63 65 69 72 78 84 88 96 102 107 117 120 121 126 135 138 139 148 155 166 176 193 199 229 236 303 355 356 404 468 549 583 621 725 869 900 1384 1495 1572 1958 2060 2955 5381
54 0 1 2 3 4 5 6 7 8 9 11 12 13 14 15 16 19 21 22 23 24 25 27 28 35 37 49 55 56 58 60 63 65 69 70 73 74 79 102 103 107 114 117 120 121 126 138 139 145 155 157 161 166 176 199 211 299 316 355 356 389 468 485 583 621 708 751 867 869 977 1384 4247
55 0 1 2 3 4 5 6 7 8 9 11 12 13 14 15 17 19 22 23 26 27 28 36 37 42 46 47 50 51 54 61 63 65 69 72 73 110 112 114 120 121 126 131 138 139 155 176 184 197 199 229 253 280 299 355 356 389 404 468 485 554 583 621 708 725 797 867 869 873 900 968 1122 1263 1434 1495 1502 2486 3110 3244 6887
56 0 1 2 3 4 5 6 7 8 9 10 11 13 14 15 16 17 18 19 20 21 23 24 26 27 28 29 31 34 37 42 45 57 62 63 65 69 72 102 103 107 120 121 126 131 138 139 148 155 164 166 176 193 199 229 236 243 316 356 410 468 583 621 859 867 869 968 1184 1502 2076 2264 2371 3110 3244 3756 5276 5526
57 0 1 2 3 4 5 6 7 8 9 10 11 12 13 14 15 16 17 18 19 20 21 22 23 27 28 34 35 37 41 52 55 61 63 65 69 72 74 84 96 97 102 114 120 121 126 138 148 155 166 176 184 193 197 199 224 253 290 316 329 355 356 389 404 410 442 468 583 708 709 797 869 977 1334 1384 1495 1572 2371 2780 3975
58 0 1 2 3 4 5 6 7 8 9 10 11 12 13 14 15 16 17 18 19 20 21 23 24 25 26 27 28 29 37 54 57 58 61 62 63 65 69 72 74 82 102 107 114 120 121 126 131 138 139 145 148 155 158 164 166 199 229 290 303 355 468 583 621 708 867 869 968 2153 3110
59 0 1 2 3 4 5 6 7 8 9 10 11 12 13 14 15 16 17 18 19 20 21 22 23 24 25 26 27 28 29 30 35 37 38 41 44 57 58 61 65 72 114 121 126 139 152 155 252 554 621 873 1334 2060 6138
60 0 1 2 3 4 5 6 7 8 9 10 11 12 13 14 15 16 17 18 19 21 24 26 27 28 30 31 33 35 36 37 41 44 57 62 63 69 74 96 102 120 126 131 138 139 148 152 166 176 184 193 199 268 280 303 404 468 482 583 708 797 1089 1384 2848
61 0 1 2 3 4 5 6 7 8 9 11 12 13 14 15 16 17 19 20 21 22 23 26 27 28 30 32 34 36 37 38 44 55 57 58 62 63 65 69 70 72 74 82 107 110 120 131 138 139 148 155 164 166 176 184 197 199 236 252 290 309 329 355 404 468 583 621 708 709 869 900 968 1077 1263 1384 1572 1737 9517
62 0 1 2 3 4 5 6 7 8 9 10 11 12 13 14 15 16 17 18 19 20 21 22 23 24 26 27 28 30 35 37 38 41 44 55 57 58 61 62 63 65 69 72 74 82 114 120 121 126 131 138 139 148 155 166 176 193 197 199 303 355 404 549 583 869 1122 1173 1263 1310 7624
63 0 1 2 3 4 5 6 7 8 9 10 11 12 13 14 15 16 17 18 19 20 21 23 24 25 26 27 28 35 37 44 55 56 58 61 62 63 65 69 72 74 84 102 107 114 120 121 131 135 138 139 148 155 164 176 184 199 229 329 355 404 468 583 708 709 859 900 968 977 1263 1290
64 0 1 2 3 4 5 6 7 8 9 10 11 13 14 15 16 17 18 19 20 21 23 27 28 29 31 34 35 37 38 44 52 56 57 58 63 65 69 72 78 96 102 120 121 131 135 138 139 145 148 155 164 166 176 184 193 199 229 280 290 329 355 468 621 859 869 1384 1482 1495 1671 1737 1958
65 0 1 2 3 4 5 6 7 8 9 11 12 13 14 15 16 18 19 20 22 23 24 26 27 28 31 37 41 48 51 55 60 61 62 69 72 74 78 96 114 120 126 135 138 139 148 155 158 161 176 184 193 197 199 229 249 252 316 356 372 404 442 468 708 1384 2076 2818 3244 3975
66 0 1 2 3 4 5 6 7 8 9 10 11 12 13 14 15 16 17 18 19 20 21 22 23 24 25 26 27 28 30 35 37 38 41 44 57 62 63 69 72 74 84 102 114 120 121 126 138 155 164 166 176 184 193 197 199 224 236 356 404 468 485 554 3097 4347
67 0 1 2 3 4 5 6 7 8 9 11 12 13 14 15 17 19 20 21 23 25 27 28 30 35 36 37 41 44 45 55 57 60 63 69 70 72 97 112 114 117 120 121 126 135 138 139 145 155 161 164 166 176 193 197 199 224 229 243 249 252 253 280 285 290 303 355 356 371 404 426 442 468 549 554 583 621 708 709 867 1122 1263 1290 1334 1671 1679 2060 3975 5921
68 0 1 2 3 4 5 6 7 8 9 11 12 13 14 15 16 18 19 20 21 22 24 27 28 30 32 33 34 35 36 37 44 56 61 62 63 65 69 72 78 88 120 121 126 135 138 139 148 152 155 158 164 166 176 184 199 224 252 268 356 404 410 468 554 621 968 1310 1482 1495 1958 2818 5526
69 0 1 2 3 4 5 6 7 8 9 10 11 12 13 14 15 16 17 18 19 20 21 22 23 24 26 27 28 30 35 37 38 41 44 45 55 56 57 61 62 63 65 69 74 102 121 126 135 139 148 155 176 199 229 329 356 583 708 873 1334 1482 1671 2371
70 0 1 2 3 4 5 6 7 8 9 10 11 12 13 14 15 16 19 20 21 22 23 24 27 28 29 30 36 37 38 60 61 63 65 69 70 72 74 78 88 96 102 110 114 120 126 138 139 148 155 158 161 164 166 176 184 197 199 224 229 249 355 404 468 554 708 859 900 968 1384 1482 3097 3244
71 0 1 2 3 4 5 6 7 8 9 10 11 12 13 14 15 16 17 18 19 20 21 22 23 25 27 28 30 32 35 37 38 44 45 55 56 57 62 63 65 69 72 74 107 120 121 126 131 138 139 145 148 155 176 184 193 197 199 236 252 253 355 404 554 583 859 968 1334 1384 1495 1671 1958 2591 3097 3684
72 0 1 2 3 4 5 6 7 8 9 11 12 13 14 15 16 18 19 20 21 22 23 27 28 29 31 33 35 36 37 42 44 56 57 58 60 62 63 69 74 82 96 102 120 126 138 148 155 164 176 193 197 199 309 468 549 583 708 709 869 900 968 1384 1495 1958 5381
73 0 1 2 3 4 5 6 7 8 9 11 12 13 14 15 16 17 18 19 20 21 22 23 25 26 27 28 29 30 34 35 37 58 63 65 69 72 74 78 82 102 103 107 114 120 121 126 131 138 139 145 155 158 164 166 176 184 193 197 252 268 303 355 404 468 485 859 867 968 1434 1495 1572 2060 3110
74 0 1 2 3 4 5 6 7 8 9 10 11 12 13 14 15 16 17 18 19 20 21 22 23 26 27 28 30 35 36 37 38 44 55 58 63 65 69 72 74 78 82 102 107 114 120 121 126 131 135 138 139 148 155 164 166 176 184 193 197 199 252 253 309 404 410 468 485 554 583 621 708 797 869 968 1077 1184 1384 1583 3097 5526
75 0 1 2 3 4 5 6 7 8 9 10 11 13 14 15 17 18 19 20 21 23 27 28 34 37 38 40 48 51 52 55 61 63 65 69 72 74 83 84 110 114 120 121 126 135 138 139 148 166 176 184 199 243 252 285 290 303 316 329 355 389 404 410 583 977 1334 1482 1671 2371 3244 3975
76 0 1 2 3 4 5 6 7 8 9 11 12 14 15 16 17 18 19 20 21 23 27 28 29 31 33 37 38 41 42 44 45 52 55 57 58 63 69 70 72 74 96 102 114 120 126 138 139 155 176 184 193 197 199 268 290 303 482 708 867 869 1954 2060
77 0 1 2 3 4 5 6 7 8 9 10 11 12 13 14 15 16 17 18 19 20 21 22 23 24 25 27 28 29 30 35 36 37 41 44 45 54 56 57 63 65 69 148 155 184 199 356 404 554
78 0 1 2 3 4 5 6 7 8 9 10 11 12 13 14 15 16 17 18 19 20 21 22 24 25 27 28 30 31 35 37 38 41 44 55 57 63 65 69 72 74 107 114 120 121 126 138 139 148 152 155 158 176 184 193 197 199 229 236 253 355 482 583 859 968 1310 1482 1502 3244
79 0 1 2 3 4 5 6 7 8 9 11 12 14 15 16 17 19 21 22 24 26 27 28 29 30 31 33 35 37 38 41 54 57 63 65 69 70 74 83 102 120 121 126 138 139 148 155 161 164 166 176 184 193 199 236 243 249 252 280 290 303 329 356 482 583 708 725 751 968 1482 1671 3849 4371
80 0 1 2 3 4 5 6 7 8 9 10 11 12 14 15 16 17 18 19 20 21 22 23 24 26 27 28 29 30 33 35 37 38 57 58 62 63 69 70 72 107 110 114 120 126 138 152 155 158 164 166 176 199 253 309 355 708 709 797 869 900 1173 1482 2060
81 0 1 2 3 4 5 6 7 8 9 11 14 15 16 17 18 19 20 21 23 24 27 28 30 35 37 48 50 53 54 61 62 63 69 73 86 97 110 112 120 123 126 131 132 138 139 145 155 158 164 187 197 199 224 236 249 252 290 299 316 356 404 410 442 468 583 621 686 708 731 869 1263 1384 1737 3097 3110 4841
82 0 1 2 3 4 5 6 7 8 9 10 11 12 13 14 15 17 18 19 20 21 23 24 26 27 28 30 33 34 35 37 38 45 57 63 65 69 72 74 97 120 138 139 148 155 158 164 176 236 249 280 290 309 329 355 356 404 468 583 621 869 900 1384 1671 2371 3097 3244 4171
83 0 1 2 3 4 5 6 7 8 9 11 12 13 14 15 16 17 19 20 21 23 24 25 26 27 28 30 37 42 58 61 62 63 65 69 72 73 78 82 96 107 110 114 120 121 126 131 135 138 145 152 155 158 166 176 184 187 193 197 199 224 249 253 303 309 329 389 404 410 442 468 482 485 554 583 725 869 900 968 977 1184 1482 1495 1572 1671 3110 3244 3684
84 0 1 2 3 4 5 6 7 8 9 10 11 13 14 15 17 19 20 21 23 25 27 28 30 35 37 38 41 47 49 55 57 63 69 70 72 73 79 103 110 120 121 126 138 139 152 166 176 187 193 199 211 224 249 252 268 303 329 355 404 442 468 583 621 679 708 731 900 1122 1173 1384 1482 1737 3097
85 0 1 2 3 4 5 6 7 8 9 10 11 12 13 14 15 16 17 18 19 20 21 22 23 24 27 28 30 32 37 38 41 44 45 54 57 58 62 63 65 69 72 74 82 102 120 131 135 138 139 145 148 164 166 176 199 236 252 290 468 583 4102
86 0 1 2 3 4 5 6 7 8 9 11 12 13 14 15 17 18 19 20 21 23 27 28 30 31 32 36 37 40 52 55 56 57 58 63 65 69 72 74 82 102 110 114 120 121 126 138 139 148 155 157 164 176 184 197 253 268 280 309 372 389 404 410 468 485 583 708 709 859 869 900 968 1184 1310 1334 1482 1502 1572 1714 1954 2371 2818 3110 3849
87 0 1 2 3 4 5 6 7 8 9 10 11 12 13 14 15 16 17 18 19 20 22 23 27 28 29 32 35 37 44 45 55 56 57 58 61 63 65 69 72 78 82 102 110 114 120 121 126 131 135 138 158 164 176 184 193 197 199 236 355 554 583 708 709 869 977 2076 3110
88 0 1 2 3 4 5 6 7 8 9 10 11 12 13 14 15 16 17 18 19 20 21 22 23 24 26 27 28 30 35 37 38 44 45 55 56 57 58 62 63 65 69 72 74 102 107 114 120 121 126 131 138 139 155 166 176 184 197 199 355 356 554 725 869 1263 1958 3110 3244
89 0 1 2 3 4 5 6 7 8 9 11 12 13 14 15 16 17 18 19 20 21 22 25 26 27 28 29 30 32 37 44 45 55 61 62 63 69 74 97 102 107 114 120 121 126 131 135 138 145 148 152 155 158 164 184 197 199 224 253 303 329 355 410 468 554 583 621 867 873 968 1184 1954 2060
90 0 1 2 3 4 5 6 7 8 9 10 11 12 13 14 15 16 18 19 21 24 27 28 31 34 36 37 40 54 56 58 63 65 69 72 74 79 84 102 103 107 117 120 121 126 138 139 152 155 176 199 224 243 290 329 404 410 468 482 554 708 869 900 968 1184 1384 3198 4171
91 0 1 2 3 4 5 6 7 8 9 10 11 12 13 14 15 16 17 18 19 20 21 22 23 24 26 27 28 30 35 37 38 41 44 45 56 57 58 62 63 65 69 72 74 82 102 114 120 121 126 131 138 139 176 184 193 199 859 869 1671 3244 3684 4171
92 0 1 2 3 4 5 6 7 8 9 10 11 12 13 14 15 19 20 21 23 24 27 28 29 30 36 37 40 44 48 62 63 65 69 70 72 73 74 78 84 88 102 114 120 121 126 138 139 155 158 164 176 184 197 199 224 243 249 252 268 355 410 468 549 554 583 621 869 1334 1384 1434 1737 2371 3097 4841
93 0 1 2 3 4 5 6 7 8 9 10 11 13 14 15 16 18 19 20 21 22 23 27 28 29 31 34 37 38 51 52 54 57 62 63 65 69 72 74 78 82 97 117 120 126 135 138 164 166 184 193 197 199 303 316 329 355 554 725 859 977 1077 3110 5381
94 0 1 2 3 4 5 6 7 8 9 10 11 12 13 14 15 16 17 18 19 20 21 22 24 25 27 28 30 35 36 37 38 41 44 57 58 62 63 65 69 72 74 78 107 120 126 138 139 145 148 152 155 158 164 166 184 193 197 199 224 290 404 468 482 554 3244
95 0 1 2 3 4 5 6 7 8 9 11 12 13 14 15 17 19 20 21 22 23 27 28 30 32 33 35 37 40 42 44 48 55 56 60 62 63 69 72 74 96 114 117 120 121 135 138 139 155 166 176 184 197 199 252 356 404 442 468 554 583 797 3198 3975
96 0 1 2 3 4 5 6 7 8 9 11 13 14 15 16 19 20 21 22 23 24 25 27 28 32 35 37 41 45 49 55 60 63 69 70 78 96 97 102 114 117 120 121 126 132 138 139 148 155 157 161 164 166 176 193 199 253 303 355 356 468 482 549 554 859 977 1310 1384 1482 1502 1572 1714 2060 5381
97 0 1 2 3 4 5 6 7 8 9 10 11 12 13 14 15 19 20 21 23 26 27 28 30 31 35 37 40 41 44 48 56 61 62 63 65 69 70 74 82 96 97 102 114 120 135 138 139 148 155 176 184 197 199 243 252 303 355 410 468 549 583 621 709 869 900 968 1384 1737 4841 5381
98 0 1 2 3 4 5 6 7 8 9 10 11 12 13 14 15 16 17 18 19 20 21 22 23 24 26 27 28 37 50 56 57 58 62 63 65 69 72 74 83 102 114 117 120 121 126 131 138 145 155 158 161 166 184 193 199 224 236 243 252 303 309 621 725 859 869 977 1263 3097 3684
99 0 1 2 3 4 5 6 7 8 9 10 11 13 14 15 16 17 19 20 21 22 23 27 28 31 34 37 40 41 52 54 55 57 62 63 65 69 72 83 102 107 112 114 120 121 126 131 138 145 148 155 158 184 193 197 199 229 303 316 355 404 410 485 549 554 583 621 708 867 977 1334 1954 3110 3849 3975
